67.33333333333333	67.33333333333333	0.0
694.0796458817798	160.0	0.6253276827951783
887.633395464689	302.6666666666667	0.4914447603662045
925.4395278423731	179.0	0.6758536877982022
911.9977937663867	69.66666666666667	0.8580641971373116
906.536461653531	174.66666666666666	0.6769031422651614
918.6042944354662	68.0	0.8621534481787159
914.8973841376762	148.33333333333334	0.7209762078993399
1097.5230041946002	91.33333333333333	0.8463509333293395
1204.7842341208493	177.0	0.7438094955358714
1200.7145777913602	92.33333333333333	0.8571849773872312
1239.0220609782486	102.0	0.8478772229509886
1266.9958130359576	158.33333333333334	0.7778290947930838
1268.044427032782	117.0	0.8310523507889891
1246.909300717949	161.33333333333334	0.7708728177484532
1261.9372070785662	178.66666666666666	0.751955870836061
1258.4649727876028	95.0	0.8596195662096263
1235.0682495933331	302.6666666666667	0.6063474094705515
1244.1566187103758	154.0	0.7797099438801847
1250.733275427773	75.66666666666667	0.8859067099366937
1252.4118068167038	158.0	0.7759519606453017
1244.1762906292274	77.33333333333333	0.8829621337127331
1246.6160526677252	68.66666666666667	0.8955864535323387
1240.7053598472696	75.66666666666667	0.8850375651523834
1238.630236915873	60.666666666666664	0.906616160633661
1234.733096565467	67.33333333333333	0.8965746573489856
1229.495091319775	53.666666666666664	0.9163524530985379
1218.2253657049073	63.0	0.9016566457606175
1214.5584381985539	97.66666666666667	0.8511434260714008
1205.5188470306246	96.66666666666667	0.851531650982353
1200.103676882761	107.0	0.8362792456445715
1199.569224078303	176.0	0.7441059353186266
1213.2045947654324	94.33333333333333	0.8557084558602452
1221.9380074849544	88.33333333333333	0.8651678769404091
1229.5382250651796	94.33333333333333	0.8574886925625198
1234.8846987170832	130.0	0.809507718678079
1231.389311268463	143.0	0.7919075784021905
1227.2906058790552	92.33333333333333	0.8600611422850635
1226.2867479861543	253.0	0.6579432617179533
1235.8131584131029	106.0	0.8420048285629259
1240.4051077278389	103.0	0.8466583171263826
1234.9437028835928	107.33333333333333	0.8400727563128971
1237.8049289650974	154.0	0.7787046204606998
1232.215707691098	91.0	0.8624562881606243
1234.3222129381634	89.0	0.8654900535487968
1235.4484230241928	115.66666666666667	0.8287833989136607
1239.501851742144	127.33333333333333	0.8136815108014623
1246.441249951433	283.3333333333333	0.6295750544829245
1250.678626540732	56.0	0.9142864988183774
1254.139478495537	67.33333333333333	0.8980935018403499
1252.4953024323754	103.0	0.8480260317904885
1249.5279040591358	96.66666666666667	0.8563852970903771
1253.3751152024674	146.0	0.791335434775291
1247.1898826144534	110.66666666666667	0.8369979999356247
1244.897842794869	71.33333333333333	0.8916097192847751
1245.7649802720323	78.66666666666667	0.8812069058475045
1243.0415894014204	101.0	0.849707031692403
1242.5006932577392	132.33333333333334	0.807491914261889
1244.8445343667156	67.33333333333333	0.8973716368934749
1241.846687514332	121.33333333333333	0.8219848714362984
1242.058194064903	78.66666666666667	0.8808734975684609
1241.0865469784283	174.66666666666666	0.7532526644005165
1238.4861818842348	103.0	0.8464389698664991
1237.9103979881897	97.0	0.8546718938646575
1258.6590829308527	165.66666666666666	0.7673753118435439
1269.0379363383474	77.66666666666667	0.8846567146301236
1276.508859536374	128.66666666666666	0.8168674812970305
1292.3870381850109	196.66666666666666	0.7358501361960529
1286.3228500879575	91.0	0.867859594438314
1283.1957468984726	275.6666666666667	0.6463232877156704
1286.3617199849814	70.66666666666667	0.8958508644892378
1291.6141249710147	137.33333333333334	0.8077839286039263
1300.4395193171847	231.66666666666666	0.6975840594000337
1308.6477603061717	99.0	0.8593398110071699
1312.360689763227	234.33333333333334	0.696988118096964
1315.4130254620488	102.66666666666667	0.8552032481156948
1321.5595080231983	147.33333333333334	0.799395396062697
1320.2340784153441	266.0	0.6646144429506453
1322.0845800530458	129.33333333333334	0.8217834682340679
1341.4915195684528	123.0	0.8320236090732094
1339.3476695558832	75.66666666666667	0.8930517313786903
1337.3256908110468	70.0	0.9005205398337343
1336.5442068274187	78.33333333333333	0.8892719247993245
1334.4061085465041	69.66666666666667	0.9007648778659785
1332.1334234543167	148.33333333333334	0.7996127469215314
1328.6887720840928	64.0	0.9080914540522546
1327.796777180144	146.66666666666666	0.8010575748368236
1328.2922650369842	61.333333333333336	0.9117268228143438
1333.2737618461142	115.33333333333333	0.8407665767796806
1331.2308962963161	133.0	0.8183346624683094
1335.9285397215874	89.66666666666667	0.8742045901040348
1339.5636554929206	144.66666666666666	0.805061701668817
1342.9741591557924	91.0	0.8730800001952986
1343.205408841661	182.0	0.7613436210690827
1346.0195986404444	122.0	0.8337896849429175
1357.4321608513542	86.33333333333333	0.8804053238824816
1359.7680555225697	136.33333333333334	0.8177485371662011
1357.59419150064	67.66666666666667	0.9050466217760629
1358.3653620213993	51.666666666666664	0.9267156126733676
1360.1222198470384	224.66666666666666	0.7164711734432978
1359.680943622559	296.3333333333333	0.6421125862778705
1358.093203756413	77.0	0.8926898966583502
1359.0875754931078	71.0	0.9007053816609538
1359.337735105345	51.666666666666664	0.9267661155390003
1361.3614968359093	93.33333333333333	0.8716798446001562
1364.0875653099965	105.66666666666667	0.8562117878380846
1367.3449405098895	282.3333333333333	0.6577110363760966
1368.8155469631395	270.0	0.6704937288393044
1370.0401822031445	111.33333333333333	0.8496890457866543
1371.5335277012705	123.33333333333333	0.8349908790566489
1370.1787019739743	130.0	0.82668731421271
1368.729272798041	91.33333333333333	0.8748912095278807
1368.1180701961187	66.0	0.9079573692409101
1367.387762919574	62.333333333333336	0.9128035062269139
1367.0856404463052	176.0	0.7718856356551984
1366.0742589397419	111.66666666666667	0.8488684115981385
1365.5921063672986	70.66666666666667	0.9015961914476041
1363.761235009221	62.666666666666664	0.9121348277146841
1362.48228352763	239.0	0.7015265139573721
1361.8817431211125	176.0	0.7711137403285507
1360.585742485749	65.66666666666667	0.9079171873852389
1357.7660486860018	64.33333333333333	0.9095234353565613
1357.194451734979	176.0	0.770413987865875
1354.3360462169155	110.66666666666667	0.848919506164135
1353.5609061850416	55.0	0.9219061103307737
1351.6947189693733	67.66666666666667	0.904651954954595
1351.7589219998667	56.0	0.9204409233358702
1350.3443689607734	148.33333333333334	0.8020477209926171
1353.3327891943597	184.0	0.7606243732088414
1352.4533566519815	91.0	0.8739134872898561
1354.7199565937758	94.33333333333333	0.8698000494680517
1358.0220939788667	164.66666666666666	0.7837159228825497
1359.2131085123647	91.66666666666667	0.8736398863160726
1360.9121100163006	314.0	0.6250549528871171
1362.4218925113948	192.66666666666666	0.7522113251627287
1362.3862591634302	119.0	0.839339673547125
1363.6344810004396	96.33333333333333	0.8680336204845817
1364.525996612014	173.66666666666666	0.7741938694513162
1365.278487630644	258.6666666666667	0.6814342331917076
1366.4898834323394	92.33333333333333	0.8734139513654798
1365.8091485640962	90.0	0.8763574193928244
1365.0537981733553	126.0	0.8309920136290739
1367.0606571788376	93.33333333333333	0.8721806116161837
1365.9178742805784	93.33333333333333	0.8720805124623513
1364.8496469598956	73.66666666666667	0.897579657639127
1364.2145987093138	145.66666666666666	0.8070488454860141
1363.1003117673843	69.66666666666667	0.9027522720508129
1361.9876412551207	60.0	0.9156110809134166
1362.9718705611817	141.33333333333334	0.8120948688239148
1363.4435022739108	92.0	0.8735780538972981
1361.7312330277628	90.66666666666667	0.8751489978252625
1360.9386237280314	79.66666666666667	0.8893983422137238
1359.2143129254105	92.0	0.8732096297830152
1359.3327037048855	61.333333333333336	0.9136555225023891
1358.5282043608472	65.66666666666667	0.9077841551005023
1356.2014688363347	89.33333333333333	0.8764009926302032
1355.0498127046337	71.33333333333333	0.8999801231086132
1354.87057643269	70.66666666666667	0.9008560919628791
1353.7147285493468	85.0	0.8818389798710057
1352.6650619987925	68.66666666666667	0.9033770016080055
1353.1268687558131	128.66666666666666	0.826336579839401
1353.4776632926778	147.0	0.8040623948011058
1353.7245821398349	257.0	0.6808889578644444
1355.3252186852103	222.0	0.718510808842517
1354.8080998234213	89.66666666666667	0.8758487600520061
1353.8919466319817	79.33333333333333	0.8892939798895353
1355.0259129171159	191.66666666666666	0.7521593247466869
1355.1225204467717	86.66666666666667	0.8797790031423673
1355.1678736792537	278.6666666666667	0.6588801867199275
1356.7854432672405	121.33333333333333	0.8358273566994668
1356.721742743211	145.33333333333334	0.8064873443749447
1362.6927628261658	168.0	0.7804915472523482
1367.9108119454131	89.33333333333333	0.8773941434278395
1366.912613850933	133.33333333333334	0.8222513667394608
1370.778637712756	180.33333333333334	0.7674786389383428
1370.467334306573	92.66666666666667	0.8733312647986757
1369.2847151421222	67.0	0.9067037345818022
1368.3783778045959	112.0	0.8486873333477132
1366.2656724029318	95.0	0.8699757315946794
1365.3159161454753	83.0	0.8853841222419279
1364.3330110005963	80.33333333333333	0.8887863157490925
1363.7228069452615	174.66666666666666	0.7729226965437129
1363.0685547811536	146.66666666666666	0.8057054447918159
1360.8830770719505	100.66666666666667	0.8622466774081007
1361.5231848272279	109.66666666666667	0.8509143241366061
1361.3175103210199	98.0	0.8656906405811001
1361.8343156461021	204.0	0.7394360336063723
1365.9137842752289	164.33333333333334	0.7852198753490875
1370.548497914937	196.0	0.7497683598549622
1373.9905238306753	85.0	0.8834810800870359
1375.1043054304812	115.33333333333333	0.8452356135758997
1376.1247929705312	244.33333333333334	0.6984391890574327
1376.3436207878042	53.333333333333336	0.92539107078757
1376.431550156595	53.333333333333336	0.9253956591755823
1374.4223187115533	58.333333333333336	0.9185718328870975
1375.2615095889903	297.3333333333333	0.6444646058888492
1374.6189441518125	65.33333333333333	0.9092562519537982
1374.6451411624469	62.0	0.9136878019162988
1373.9867560135503	174.66666666666666	0.7744276878110334
1372.9732748986685	68.33333333333333	0.9051786303579704
1372.4091736174355	105.66666666666667	0.8570213194928394
1373.709351460633	113.0	0.847986427355176
1375.8484556378091	132.0	0.8249160921888998
1375.8438353997542	182.66666666666666	0.7655881478829049
1377.6404241591429	112.66666666666667	0.8488007372973904
1377.0723751383114	275.6666666666667	0.6664123498097951
1378.0233057785956	120.0	0.8397888743958758
1377.1512125733088	91.33333333333333	0.8756087238535506
1375.1874372718198	110.66666666666667	0.8510396594479531
1373.8738094136081	95.0	0.8706492015976169
1373.575128523684	65.66666666666667	0.9087482494100557
1372.6142974751963	103.0	0.8603971238605712
1372.0224694836113	234.66666666666666	0.7078879026605708
1371.0476131381145	103.0	0.8602487476225787
1369.7491382091716	74.66666666666667	0.896613334727274
1368.4394766415842	75.0	0.8960815452068684
1368.107206814586	62.0	0.9132932136771781
1368.4822001303367	177.66666666666666	0.770181681102001
1367.7729366187275	60.0	0.9159530224153248
1365.8678657147616	64.66666666666667	0.909590904374723
1365.4912487499544	66.0	0.9077884687627196
1364.9247401293028	111.33333333333333	0.8491681971673213
1364.912622080473	68.0	0.9050884206724769
1365.2217146144974	87.66666666666667	0.8793208510768572
1364.5024931013459	109.0	0.8520531855082473
1365.8731473988953	130.0	0.8261884702910123
1367.4718230950612	126.0	0.8312656482010107
1366.7489250141073	101.66666666666667	0.8615287562422335
1366.3118513556183	92.33333333333333	0.8733985011536265
1365.8444260942674	179.66666666666666	0.7674987031691809
1366.4491344452558	113.66666666666667	0.8464084140156118
1366.2896714784213	142.66666666666666	0.8109068326760968
1367.168911102617	104.33333333333333	0.8581948023146565
1366.4081656713297	109.66666666666667	0.8514077142105829
1365.9099400260975	92.33333333333333	0.8733636080890397
1366.4214852432794	111.33333333333333	0.8493209672757885
1367.218467521632	192.0	0.7537227733004178
1368.4856868177148	144.0	0.8095849749124205
1368.936231250762	102.66666666666667	0.8604696052012976
1368.3956367551068	91.33333333333333	0.874862614629345
1368.483534651451	62.666666666666664	0.9124247523300496
1368.491692605534	72.66666666666667	0.8991551952647812
1368.2259248872795	62.333333333333336	0.9128545944879404
1367.9339793440774	62.0	0.9132827096976325
1368.2659671913727	146.0	0.807167296679331
1367.7967315081157	145.66666666666666	0.8075055309003986
1368.0723937725936	154.0	0.797644316222966
1367.563670681282	132.33333333333334	0.8235434393439941
1367.618831476012	118.66666666666667	0.8403178032552194
1367.0743110293547	175.0	0.7730329871286356
1366.1993850690442	95.33333333333333	0.8695433470178574
1365.7155661521945	140.0	0.8140419038666575
1365.1792356091387	67.66666666666667	0.9055492756629432
1365.1617860956705	85.66666666666667	0.8819065527649946
1364.8153002871245	61.666666666666664	0.9135402085757116
1365.0034279117447	302.6666666666667	0.6370185354397914
1364.6104733512623	104.66666666666667	0.8575263116590931
1363.0476260766604	96.0	0.8684073113389158
1364.2836215206225	113.33333333333333	0.8465998471917442
1362.7121677477155	169.66666666666666	0.7785578045633774
1361.1216679745135	97.0	0.8669521177409792
1361.3452340193708	70.66666666666667	0.9013043583886248
1360.7187338032713	220.33333333333334	0.7212826346290135
1361.0172026521582	74.0	0.8968653478672796
1360.8968055811918	106.33333333333333	0.8550556855218364
1360.7519268408123	140.33333333333334	0.8130241671721529
1360.2164017727941	193.33333333333334	0.7511076356752414
1359.636935116418	193.33333333333334	0.7510147653678808
1362.3573432639005	89.33333333333333	0.8769251125277862
1362.1367690447423	98.0	0.8657659993534523
1364.6714100949036	200.66666666666666	0.7436123612583252
1367.055235063488	95.66666666666667	0.8691936361197448
1366.3053042112747	80.33333333333333	0.8889379403419174
1365.5432429596424	90.0	0.8763348317745646
1366.11913496067	71.0	0.9011912119562125
1364.6256216840566	74.66666666666667	0.8962453043471429
1364.6078130202136	299.3333333333333	0.6402116336995344
1364.5702988915862	68.33333333333333	0.9046225694504945
1363.0883284706995	63.0	0.9116464264628551
1363.0682754192167	67.33333333333333	0.9058539463024591
1366.2561314063946	321.0	0.6195005677858361
1367.2802860605839	159.33333333333334	0.7912591224011346
1369.0785259181027	188.0	0.7585221337643852
1368.8431452414245	113.0	0.8474872318802813
1368.588473098994	113.33333333333333	0.8470454610473961
1367.9651037874712	133.33333333333334	0.8223759779713881
1368.9213139663996	235.0	0.7069681686330866
1368.269503263019	168.0	0.7812883746723216
1367.5726370214547	90.0	0.8765070121185662
1367.2286335897732	65.66666666666667	0.9083440825649792
1365.8446218457877	96.33333333333333	0.8682330929800782
1364.819640520964	106.33333333333333	0.8554421800817235
1364.4743827671246	62.333333333333336	0.912625460838278
1364.113347874766	59.666666666666664	0.9161855538674856
1364.3633479589323	140.33333333333334	0.8134729276962158
1363.3466777594238	78.33333333333333	0.8913304856409037
1363.1429025702357	91.33333333333333	0.8744106901456606
1362.5350511139823	176.66666666666666	0.7704437766332543
1361.1687190696548	92.66666666666667	0.8725211016655314
1360.5478259435122	131.0	0.8243435473922762
1359.9158176650324	112.0	0.8478173837717558
1359.9614274239445	177.33333333333334	0.7692916962183907
1360.0436543936432	139.0	0.8145484294702212
1361.2241568591396	136.0	0.818330475931808
1360.8400245732598	111.33333333333333	0.8487496968541158
1360.1602705467847	112.0	0.8478426537643197
1359.1874677925327	122.33333333333333	0.8348543830901769
1359.7477196302523	172.33333333333334	0.7750336602623212
1359.7112493983798	176.0	0.7707902444955735
1359.4164059742025	61.0	0.9141096938286027
1358.0805770222207	74.66666666666667	0.8957713344128685
1358.0336994728925	82.66666666666667	0.8852409999892248
1357.3715907587177	103.0	0.8589400113617828
1356.4093667741997	64.66666666666667	0.9089891530855128
1356.3527180701383	149.33333333333334	0.8016408092588259
1356.345732426029	48.0	0.9316407649602363
1355.3898372108877	96.66666666666667	0.8668555026494779
1354.770106527016	67.0	0.9057512889145459
1354.4417061820736	67.33333333333333	0.9052827184864872
1354.0433640871154	73.66666666666667	0.8968044419667301
1354.8436430651197	201.33333333333334	0.7412462253499082
1356.1964036750578	205.66666666666666	0.7366393116373917
1356.9141817337127	104.33333333333333	0.8571996431028371
1357.5984700152228	95.33333333333333	0.8687710832488909
1357.5674286207927	125.0	0.8313736055616905
1358.1210751821502	128.33333333333334	0.8273296071535766
1359.175550740999	108.66666666666667	0.8519368561852904
1358.6028305984314	121.33333333333333	0.836028963558826
1358.0209844105266	93.0	0.8718143968982213
1359.0453043111527	127.66666666666667	0.8282563547494682
1359.6191374687662	184.0	0.7615992241431729
1359.449994365509	91.0	0.8745216996745794
1360.40313547373	130.0	0.8255505548722842
1360.447702818666	170.33333333333334	0.777455652623567
1361.439325789279	127.33333333333333	0.8289418702673175
1361.3024630099483	128.0	0.8281074487162182
1360.4308606891418	75.0	0.895501759013328
1360.7201901946282	146.0	0.8062015748509473
1360.3668779355608	69.66666666666667	0.9025663881387552
1359.835250057241	70.66666666666667	0.9012001789854216
1360.1011417848172	79.0	0.8902092456100454
1360.1241129021214	72.66666666666667	0.898566255865303
1359.533330457949	310.3333333333333	0.6283136371753787
1359.5040940355457	62.666666666666664	0.9118718111800802
1358.6605496721154	83.66666666666667	0.8839837926943553
1358.8756412396256	76.66666666666667	0.8931878688013265
1358.8028800009308	72.66666666666667	0.8984726334753935
1358.455892634744	78.33333333333333	0.8909605780478289
1358.6289782911279	65.0	0.9086840728993538
1358.7835415725408	71.0	0.9006842673235544
1358.4111090733845	174.66666666666666	0.7721359353965571
1357.7853866405997	77.0	0.8926668744789944
1358.1453154690957	272.6666666666667	0.6656062505628958
1358.4760304237489	128.66666666666666	0.8269612365801854
1358.7785425719137	89.0	0.8770530196670887
1360.4545240647317	77.66666666666667	0.8919887041965259
1359.9481117421205	105.66666666666667	0.8558056752383615
1360.175168539819	98.33333333333333	0.8651590536400104
1360.0516590378224	259.3333333333333	0.6797137993064775
1360.893659376136	76.33333333333333	0.8937769277636107
1362.3812824164056	115.0	0.8443191322799136
1362.4808030432264	204.0	0.739543568483334
1362.9798597790939	221.0	0.7209560479754822
1363.4526785559547	133.33333333333334	0.8218404871848903
1363.5229147028203	141.66666666666666	0.8117623608080355
1364.2149711133097	147.33333333333334	0.8050564009103632
1366.6389816589347	196.0	0.7491423133551657
1368.3563472164972	91.0	0.8752874852347491
1367.5893283696057	79.33333333333333	0.8903419851895017
1367.1430706801827	62.0	0.9132347190817055
1367.5557297889547	73.33333333333333	0.898210993184408
1367.302652667767	74.0	0.897315113015257
1367.2311209761015	62.666666666666664	0.9123480472405308
1367.3789319427333	154.0	0.7975520801995741
1366.6213905737147	60.0	0.9158851810347929
1365.8604674872533	184.66666666666666	0.7618014382348307
1369.0585566863324	148.66666666666666	0.8040927772970283
1368.8492297678645	209.0	0.7350824197179494
1370.1240441013736	300.6666666666667	0.6400905694185308
1370.1508280970709	91.0	0.8754406482203979
1370.7849053489938	88.66666666666667	0.8784931704938883
1371.3931284063208	91.0	0.8755464611637371
1372.8339644831542	135.66666666666666	0.8201304475911848
1374.0037416868731	235.0	0.7078937805904331
1373.6843920839003	100.33333333333333	0.8638641427396228
1373.3553850864998	79.66666666666667	0.8903434857433256
1372.8085641202795	90.0	0.8769490387088003
1371.7726783353826	63.0	0.9121812103739076
1371.0267435081646	68.33333333333333	0.9050503978361238
1370.9580324581661	57.333333333333336	0.9197175944537598
1370.2155318810715	59.666666666666664	0.9165432414960235
1369.8879163449624	132.33333333333334	0.8238164539854927
1370.3981023524213	92.66666666666667	0.8733252708575642
1370.857023060155	93.33333333333333	0.8725120228721808
1371.3390205403757	92.66666666666667	0.8734066848559152
1371.3080692996034	119.0	0.8403014753105026
1371.757595366466	92.66666666666667	0.8734428688882646
1371.7010244067797	155.0	0.7969478011449853
1371.6305241599798	97.33333333333333	0.8674802884538957
1372.0662847293029	264.0	0.6772746893397654
1372.0508452525214	85.66666666666667	0.8824646531770336
1372.0232076255922	115.66666666666667	0.8445016415512097
1371.7899230235776	65.66666666666667	0.908634922073275
1371.7489466217005	148.33333333333334	0.804835125980521
1371.035076401536	75.33333333333333	0.8958310582196103
1370.5224229546807	95.33333333333333	0.869928084090967
1370.8587976928738	55.333333333333336	0.9224040967137878
1370.3451878341182	87.66666666666667	0.8797449192253882
1370.4748482885539	234.0	0.7083157766547716
1370.2290084123122	63.333333333333336	0.9116420242230799
1370.3420847095872	258.0	0.6831132691064556
1370.4420492386434	71.0	0.9014875415386951
1369.9144048740004	69.66666666666667	0.9032125830994594
1369.5734141541186	146.66666666666666	0.8065389927071817
1369.4996387270348	63.0	0.9120418626339287
1368.8145317972421	96.66666666666667	0.8680751868151008
1368.3502804085858	234.0	0.7079290304235701
1368.3320228773944	91.33333333333333	0.8748571609996507
1368.7884825766353	123.0	0.8350972655485945
1368.787956740489	147.0	0.8060414725604431
1367.838095393112	289.6666666666667	0.6504786311362407
1367.8112962379205	100.33333333333333	0.8633195513406143
1368.6749989160242	95.66666666666667	0.8693383259997604
1368.6371517742205	106.0	0.8562358206254802
1368.1588529506437	93.0	0.8727037791788387
1368.5680052140149	230.0	0.7122424579375867
1368.0814193126103	109.0	0.8524116564261903
1368.9161872754103	89.0	0.8779079335605356
1369.7267527868034	96.0	0.8690069621537929
1369.660849003739	162.33333333333334	0.7880757835702846
1370.4379295357642	96.0	0.8690704896996342
1371.1695416858004	112.66666666666667	0.8481413702772993
1371.4577953699686	151.66666666666666	0.800847966864288
1371.4184647702866	57.333333333333336	0.9197434664167259
1371.3800519419722	59.333333333333336	0.9170576945124254
1371.331722470066	244.66666666666666	0.6971944176288841
1370.9679728378644	67.66666666666667	0.9059293238066737
1370.637454406617	174.33333333333334	0.774321515051614
1370.734638439184	80.0	0.8897110500014388
1370.8204763456786	177.66666666666666	0.7705287157618327
1370.190967221025	95.0	0.8703240708886117
1369.715002808096	67.66666666666667	0.9058473221084098
1369.6428370416982	118.66666666666667	0.8405349608115926
1369.578229032537	72.33333333333333	0.8996702221949734
1369.2380914696264	64.33333333333333	0.9102474669622049
1369.426898439595	73.33333333333333	0.8983430070799526
1368.8079512152844	96.66666666666667	0.8680745944185932
1368.7343267401263	62.0	0.9133312190233603
1368.3139675143198	77.0	0.893448756836653
1367.8886673790144	145.33333333333334	0.8079153841737462
1368.9209359893423	94.33333333333333	0.871063648593352
1369.0972476601476	105.33333333333333	0.8571199828718162
1369.0479148421637	76.0	0.894813176477541
1369.6629266740294	148.66666666666666	0.8041707580241998
1370.6306040475113	100.33333333333333	0.8635815185082186
1371.7614097525966	134.0	0.8220169554989235
1373.0425785807172	246.33333333333334	0.6957675712958147
1374.1165518267103	197.33333333333334	0.7488518912415257
1376.5482917559827	223.66666666666666	0.7204542233661688
1376.5469504260566	204.0	0.741861511997465
1376.524218057704	89.66666666666667	0.8776875949770713
1377.5432251424752	136.66666666666666	0.8194878168397373
1378.6851030278021	168.0	0.7827612101892985
1378.6314305965625	204.0	0.7422015055986806
1378.0513786615395	106.33333333333333	0.8567307619458957
1377.200430970235	139.66666666666666	0.8158485118646838
1377.148308309257	70.66666666666667	0.9023816331671222
1376.5646574514587	121.33333333333333	0.8379951984984462
1376.383758765951	69.33333333333333	0.9040845076644196
1376.0633774646628	154.66666666666666	0.7979177749079353
1375.4787864285622	106.33333333333333	0.8564820304608936
1374.6295544257823	229.0	0.7143978802735412
1375.7368764282799	92.66666666666667	0.8737858307378451
1376.0737450005083	117.0	0.8432763279218198
1376.025635408782	91.0	0.8759394549030588
1375.6972075811227	96.66666666666667	0.868691879286902
1376.620093604755	166.33333333333334	0.7843961710971236
1377.5819521929677	207.66666666666666	0.738001138501475
1378.4715839234389	107.33333333333333	0.8555216339820684
1378.7592708235118	96.0	0.8698092605359339
1378.4540426459591	154.66666666666666	0.7982328909561055
1378.0341423237285	160.0	0.791942199984891
1377.724598744644	65.33333333333333	0.909451544694045
1376.8953097790275	143.33333333333334	0.8114318737740828
1376.5527296890614	67.0	0.9071734636054041
1376.240981483744	102.66666666666667	0.8611587859525017
1375.653474334487	60.0	0.9164143700793624
1375.2376192691725	69.66666666666667	0.9035691604699686
1375.6150580245335	91.66666666666667	0.8750523977446
1375.9883785228362	95.33333333333333	0.870411300852668
1376.7465910225071	94.33333333333333	0.8717495470211925
1377.4763455271225	112.66666666666667	0.8487840888495678
1377.419527211475	149.33333333333334	0.8043778568326442
1377.7455934278273	124.33333333333333	0.8344516641326891
1378.4501373301518	96.0	0.8697819647209892
1377.636868436328	90.66666666666667	0.8765014664896154
1377.3360192079783	146.66666666666666	0.8075243987086639
1377.2783710048245	119.33333333333333	0.8405286648668758
1376.9696105080152	90.33333333333333	0.8768715980398107
1376.1535234258345	100.66666666666667	0.8636710584782005
1376.0902843793517	115.66666666666667	0.8449255871265605
1376.107727284164	56.0	0.9217935928518479
1375.2948729730995	139.66666666666666	0.8156168813369649
1374.9802516538693	146.66666666666666	0.8072264138272697
1374.6608206157734	146.66666666666666	0.807185937422772
1373.8413243877972	96.0	0.8693736549555988
1373.4399786463346	103.0	0.8604751950777776
1373.2979901130307	57.0	0.9202963293047828
1372.9780218021976	154.66666666666666	0.7975096331835031
1372.5728753159322	103.0	0.8603932049402211
1372.4270214758828	70.66666666666667	0.9020622607564391
1372.5961291872077	214.0	0.7302401082881383
1372.5331163542198	201.0	0.7445239659579523
1373.194110905121	205.66666666666666	0.7394746014490623
1373.8896141198793	130.0	0.8271149707007188
1374.568205833829	201.33333333333334	0.7444848826789844
1374.4689051781882	111.66666666666667	0.8497220996762143
1374.3620976173686	97.33333333333333	0.8677262546497725
1374.6644967496802	104.33333333333333	0.8589134734193934
1374.544883495708	116.33333333333333	0.8439398577024442
1374.8307886937862	127.0	0.8308730904225795
1374.7931863205538	95.0	0.8707301123938113
1375.4159403716978	314.0	0.6282738992850806
1375.4293674523394	114.0	0.846921240454663
1375.3789575398157	275.6666666666667	0.666070201059215
1375.3204827395755	162.33333333333334	0.7888558118394626
1375.8405664373934	93.33333333333333	0.8729444712461901
1375.693796115186	201.0	0.745036099596201
1375.1704233025348	96.66666666666667	0.8686448828807684
1374.7899271853325	101.0	0.8631241504776632
1374.2662074213417	65.0	0.9096761951821865
1374.1525626133753	76.66666666666667	0.8943125854422098
1373.3598720974478	260.0	0.6816378258808011
1373.0990670294511	97.0	0.8680361042660851
1372.803521770768	97.66666666666667	0.8671626702334574
1372.503671049942	80.66666666666667	0.8889783742855367
1372.1995889098102	84.0	0.884631199404627
1371.8226152425889	60.0	0.9161907356941217
1371.7840756743078	107.33333333333333	0.8548684064163039
1371.4748180110691	146.66666666666666	0.8067812939084522
1371.1615348528214	300.6666666666667	0.6403139193448257
1370.6406845961126	60.0	0.9161214962694302
1370.7930843679037	235.0	0.7073097371165922
1370.4225476510944	53.666666666666664	0.9246301901213726
1369.634515093642	97.0	0.8677243730435367
1369.2696159255197	236.66666666666666	0.7052602033691443
1370.1021130858767	253.0	0.6882512838098757
1370.182957181701	89.0	0.8780139261331606
1370.988745811525	94.33333333333333	0.8712455989356485
1371.349662408682	114.33333333333333	0.846086502085554
1371.2830672338523	75.0	0.8962858631216027
1372.0577929204942	137.33333333333334	0.8180281691807978
1374.0137502501832	215.33333333333334	0.729029189964197
1374.8412096144325	133.33333333333334	0.8231858057055785
1374.7474379804587	98.0	0.8669154025018914
1375.2150259372218	115.33333333333333	0.8452471097418468
1375.248006277602	204.0	0.7416491910211844
1375.139604467856	92.66666666666667	0.8737344723359968
1375.454982605026	189.66666666666666	0.7576333229370057
1375.891900708539	105.0	0.8581935657156848
1375.6425252794236	70.66666666666667	0.9022800006247893
1375.8026028948839	172.33333333333334	0.7773666649025723
1375.7492479445143	179.66666666666666	0.7689792614580784
1375.6541847302724	92.33333333333333	0.8742041983366066
1375.7916653125067	71.0	0.9018517984278489
1375.2900722441448	117.0	0.843194024839886
1374.786885886849	96.66666666666667	0.8686106448974698
1374.2821370030942	58.666666666666664	0.9181175677506102
1375.0626574017112	103.0	0.8606283712206574
1376.3805775764588	321.0	0.621770150736227
1376.258530929294	278.6666666666667	0.6632274775059636
1377.5473862076165	196.0	0.7508813503578348
1378.8080341651246	251.66666666666666	0.6912964469325672
1379.2164372734985	115.33333333333333	0.8456614351671882
1380.4409738666209	179.66666666666666	0.7696740122300129
1381.638988641465	196.0	0.7515274388993399
1381.3111495290098	101.0	0.8637263167964543
1381.413966222155	80.0	0.8905169899165465
1381.31018864359	67.33333333333333	0.9070394720138667
1380.9759746372588	68.33333333333333	0.9057022086899896
1380.865931551693	60.333333333333336	0.9162734331006664
1380.7975021855405	85.66666666666667	0.883165687254783
1380.5176812078794	70.66666666666667	0.9026082843710828
1380.2286828251808	65.66666666666667	0.909168161181589
1380.1929377552515	179.66666666666666	0.7696373876759878
1380.7355738078625	96.0	0.8699834937239881
1380.6942216336006	155.33333333333334	0.7977466838650858
1380.6462941013856	106.0	0.8573971489780997
1380.5543196102174	130.33333333333334	0.8274744874916219
1381.150665497906	88.33333333333333	0.8797763930691459
1380.8180207309867	253.0	0.6902959854894913
1380.4824786861077	205.66666666666666	0.7406717177016483
1379.9894575318804	96.66666666666667	0.8690735573671461
1380.097717433551	177.66666666666666	0.7718953283563624
1379.605869906502	64.66666666666667	0.9104508809395467
1379.324758316905	111.33333333333333	0.850625258794146
1379.255800225837	63.0	0.9126368568042713
1378.549511305233	63.0	0.9125940531269614
1378.2307618380237	96.66666666666667	0.8689174381913849
1377.5206031197895	69.0	0.9045986626790051
1377.029773804542	60.0	0.9164944232976471
1377.1360699356883	61.333333333333336	0.914724173911591
1377.0685845548758	89.33333333333333	0.8781598247471147
1376.7921268789332	97.0	0.8683667822199349
1376.6852088679234	57.333333333333336	0.9200382259418696
1376.573898090567	62.333333333333336	0.9133601778182044
1376.2829682112226	97.0	0.8683212904880425
1375.7885290385389	83.66666666666667	0.8853453440532113
1375.4768095857203	138.33333333333334	0.817238199941523
1375.431933821446	292.0	0.649760815926333
1375.7370244191873	158.33333333333334	0.7935774815891776
1376.0627816003903	128.66666666666666	0.8289836530881382
1375.74494813058	172.66666666666666	0.7769757537122631
1375.6913212878044	131.0	0.8261090401874337
1376.2449415412525	201.33333333333334	0.7447564579965595
1375.55530339589	134.0	0.8224642718308444
1376.1107427598824	92.0	0.8746688552567221
1375.7932493392934	120.0	0.8395500179546803
1375.7183844035098	182.66666666666666	0.765569277578445
1375.3988335127092	93.33333333333333	0.8729062582815799
1375.9296675172225	96.0	0.8695589848909996
1376.4494582645198	328.3333333333333	0.6148091886525977
1376.9583688857201	201.33333333333334	0.7448718344647421
1376.8653301585439	104.66666666666667	0.8587048178629176
1376.3904070711335	72.0	0.9005792918145668
1376.5502751237586	151.66666666666666	0.8015116015021042
1376.2838565428622	111.66666666666667	0.8499054035401657
1375.9883811379134	67.66666666666667	0.9062564609605737
1376.1044130580974	154.0	0.7987065474934322
1376.214396995575	156.33333333333334	0.7959824281625711
1376.1526972561667	67.0	0.9071477327002394
1376.276231037617	214.0	0.7308643670535525
1375.9969852407526	57.0	0.9204464481264437
1376.0911708304711	94.0	0.8721167749794752
1375.6295779919562	72.0	0.9005270393827224
1375.1668269287507	96.66666666666667	0.8686445619191232
1374.8853429613669	234.66666666666666	0.7084074757908593
1374.627535542445	63.666666666666664	0.9114692021022132
1374.335287157977	77.0	0.8938908180882416
1373.6661900721258	63.0	0.9122969546644135
1374.1022739967584	148.66666666666666	0.804741661460606
1374.7504549795183	73.66666666666667	0.8982797626930265
1375.5080694236976	87.0	0.8810262974695484
1375.9142798749317	84.33333333333333	0.8844944753608642
1376.2026228089817	105.66666666666667	0.8573873317746448
1376.2342895310862	227.0	0.7168224239185991
1376.1525855473762	96.0	0.8695787366846823
1376.430515111398	243.33333333333334	0.6995446792234835
1376.3382017485271	209.33333333333334	0.7359688577337974
1377.1417926640524	89.33333333333333	0.8781659071474868
1377.0428339509344	238.66666666666666	0.7045673537533362
1376.9400851982202	102.66666666666667	0.8612243874431279
1377.3172183565016	90.66666666666667	0.8764745749709155
1377.3487504234377	204.0	0.7419923973818237
1378.1195338156656	85.0	0.8838099033804453
1378.3457039145824	155.0	0.7978277180360698
1378.086112387743	97.66666666666667	0.86763817347612
1378.2010601053273	141.33333333333334	0.8139781054728216
1377.9303915794017	103.0	0.860898256142679
1377.4869808882781	58.666666666666664	0.918300292219364
1377.0424843801993	83.66666666666667	0.8854437700938558
1377.1377155762502	57.333333333333336	0.9200634500404656
1376.874936129181	64.33333333333333	0.9107230582886875
1376.5996978686655	160.0	0.7917479741510722
1376.494464559343	278.6666666666667	0.6632754824779471
1377.5850488327526	208.66666666666666	0.7369059845574766
1377.3365309779267	133.33333333333334	0.8234778670267283
1377.6940446287083	94.0	0.8722560571022557
1378.043157856288	115.33333333333333	0.8455401782286543
1377.9280789264087	106.33333333333333	0.856718860363763
1378.6627246431387	200.66666666666666	0.7458837051082228
1379.318496500968	144.66666666666666	0.810146883102229
1379.0519180557949	53.666666666666664	0.9250841480819308
1378.800553798789	70.66666666666667	0.9024929081956415
1378.885069738907	62.0	0.9139417830025338
1378.628687182575	74.0	0.8981157392072083
1378.7290152966132	140.33333333333334	0.8152369012899293
1378.4676994137817	78.0	0.8928915484615354
1378.583394446613	214.0	0.7312542617909686
1378.6562767001806	62.0	0.9139281159528061
1378.364509948901	138.33333333333334	0.8175861672830353
1378.8811508289173	108.66666666666667	0.8538982540411824
1379.397618030078	205.66666666666666	0.7404942264458189
1379.6590291271339	92.66666666666667	0.8741220547445439
1379.9135500422701	106.0	0.8573268276650622
1380.1612701274732	128.33333333333334	0.8298524462216711
1380.4022771866346	93.33333333333333	0.8733377511310824
1380.3374081377845	105.66666666666667	0.8577841495077033
1379.7389139143925	100.66666666666667	0.8640012331929267
1379.8111809170207	72.33333333333333	0.9003772246859685
1379.720428490592	70.66666666666667	0.9025547498283488
1379.8107804151516	69.0	0.9047494663447655
1379.9231686088146	297.3333333333333	0.6454527581332472
1379.8288415736279	69.33333333333333	0.9043125268739718
1379.4106868186514	96.66666666666667	0.869022221039545
1379.3130242264144	66.0	0.9086703033962824
1379.0591669320154	67.0	0.9073343587425287
1379.1665237295024	109.66666666666667	0.8526810560456607
1378.9019238973747	73.66666666666667	0.8985704810840478
1378.6455837721248	60.0	0.9165882123063553
1378.2255671678925	78.33333333333333	0.8924405551929586
1377.6443446907633	79.33333333333333	0.8910987662612341
1377.0603558247562	95.0	0.8709292052814315
1376.4736452678608	63.0	0.9124680049445757
1376.4173088212392	258.6666666666667	0.6836044257733233
1376.9243700223585	175.33333333333334	0.7740924938503506
1376.8644873180185	107.66666666666667	0.8549485925200362
1377.1286877090383	124.33333333333333	0.8343836452859242
1377.6014710786565	328.3333333333333	0.6150693068877214
1377.0156811136803	91.0	0.876023122680863
1376.9486189337324	179.66666666666666	0.7691572627756025
1376.8774911320165	94.66666666666667	0.8713369678171523
1376.8234450082102	116.33333333333333	0.8441780059257471
1376.7651977547325	214.66666666666666	0.7302219825229984
1376.489509325383	122.0	0.837169363895081
1376.739233472448	92.66666666666667	0.8738719278888242
1376.6741014404217	97.33333333333333	0.8679337280978193
1376.9144879100436	95.33333333333333	0.870492817910479
1377.1487677586708	189.33333333333334	0.7582693945863181
1377.0735523404821	91.0	0.8760280098297215
1376.6666098463177	74.66666666666667	0.8971061052964168
1376.6161057791444	66.66666666666667	0.9076180109131459
1376.7186882162566	156.33333333333334	0.7960495389121715
1376.8166710903229	87.66666666666667	0.8802763207931918
1376.236342950349	69.0	0.9045138875221732
1376.004356959072	97.66666666666667	0.8674511948720101
1375.7508904182243	60.333333333333336	0.9159752160277601
1375.3480431798484	65.66666666666667	0.9088605186082229
1375.4180003546915	72.0	0.9005124988326022
1375.1920195524553	75.66666666666667	0.8956939536767003
1374.7882879548883	89.66666666666667	0.8775426087587126
1374.5596765809116	60.0	0.9163506391828853
1374.3046069102677	88.66666666666667	0.8787854987065077
1373.9016914113129	60.0	0.9163122543764556
1373.4979424977676	74.0	0.8977546042347979
1372.9186217827219	79.33333333333333	0.8907443945193472
1373.477214538682	122.0	0.8368413790408248
1373.2122732489534	103.0	0.8604536734092987
1373.7624942580871	122.66666666666667	0.8360541616405525
1374.187004545864	224.0	0.7196823658772633
1374.2255901716592	109.66666666666667	0.8521905264195806
1374.1439346884918	75.0	0.8964906132445402
1374.6698075253537	132.33333333333334	0.8243755042767462
1374.699019906069	98.33333333333333	0.8664885627025304
1375.7040800742504	96.66666666666667	0.8686924921856295
1376.036761708389	91.0	0.8759403958029941
1376.6378077258717	235.0	0.7083711999390228
1376.8227016217586	112.0	0.8495455504836142
1377.5250777584777	87.33333333333333	0.8807620822981238
1377.5651672773563	98.0	0.867169539952173
1377.473299710577	278.6666666666667	0.6634744981413115
1377.378627134266	278.6666666666667	0.6634552596963399
1377.136746876328	95.33333333333333	0.8705123661055864
1376.7443416972103	122.33333333333333	0.8367885328812722
1376.521061298073	70.66666666666667	0.9023393229487245
1376.6298899382755	50.666666666666664	0.9290033084824563
1376.5835688316363	176.0	0.7732811250444379
1376.6865327423936	89.66666666666667	0.877701134074925
1376.6355325861146	83.33333333333333	0.8858423144786005
1376.0790619180061	100.66666666666667	0.8636641844047903
1376.7628630453585	230.0	0.7137100871698363
1376.6666036005595	144.33333333333334	0.8102125715740823
1377.3352744590547	86.33333333333333	0.8820315843713455
1377.234408866046	94.0	0.8722161479727075
1377.537231600717	235.0	0.7085338615509391
1378.8127191345654	148.66666666666666	0.8053437996628879
1378.5830793809791	181.66666666666666	0.7671312978875894
1379.08881302277	107.33333333333333	0.8555816278754241

Average Payoff: 0.8351