215.33333333333334	215.33333333333334	0.0
925.4395278423731	62.0	0.8744226896902244
1196.1132380788133	96.0	0.8514062124419711
1388.1592917635596	62.333333333333336	0.9140521885395048
1352.0338782609624	71.66666666666667	0.8993233978563803
1398.3646728070626	57.0	0.9216691169367741
1365.1214301947882	362.3333333333333	0.5805003511717894
1445.9992622537081	82.66666666666667	0.8918446926791254
1425.4084782969546	89.33333333333333	0.8820481052976474
1409.6476943663863	115.66666666666667	0.8483372744378688
1484.8618460018379	143.0	0.8243094150142781
1514.0446137873594	197.66666666666666	0.7690420470743918
1516.1526089935198	254.66666666666666	0.7123741872848957
1526.0047540051396	352.3333333333333	0.6248456700012137
1533.6427097713015	153.0	0.8185744981867015
1533.9717323157856	333.3333333333333	0.6429792437611593
1538.6465055431715	246.66666666666666	0.723671263388097
1580.394168776837	58.0	0.9291989667623138
1566.749126378453	122.66666666666667	0.8547821475664509
1570.444368569974	264.3333333333333	0.7118633684515274
1572.1773699125843	252.66666666666666	0.7230813575276259
1566.2094264301895	231.33333333333334	0.7426115934357339
1555.751078796845	55.333333333333336	0.9313092064987812
1572.7193789486116	67.0	0.9182786995626527
1571.535254917925	72.33333333333333	0.9119962096115223
1571.9858139164664	183.33333333333334	0.7911111109104274
1559.735183983326	65.0	0.9199869607788748
1546.448808537545	59.0	0.926500303608254
1542.743644994903	154.66666666666666	0.8177616035391397
1540.690191460474	222.0	0.7481122875982396
1549.8901255352766	323.0	0.6550785381414879
1545.0741620316314	176.66666666666666	0.7947813472016767
1540.4592535153959	411.0	0.5787767546162014
1523.2819412811562	337.6666666666667	0.6371026419273002
1523.4675338109564	90.66666666666667	0.8876590724118993
1520.5196237291664	130.0	0.8424738511060179
1525.2580201595492	222.0	0.7458875593202562
1542.611409460693	319.0	0.6572861571659426
1550.3616972156176	250.0	0.7222780284798971
1550.6924866470235	85.0	0.896068483906483
1564.0790786268255	219.33333333333334	0.7540295986924721
1570.2689266273294	158.66666666666666	0.8164574004004713
1575.4278337320734	184.0	0.790841094505477
1577.4593078798612	96.0	0.8852676016106727
1585.2166265438618	208.66666666666666	0.7673575895863167
1584.3178960012733	115.0	0.8646515754696509
1577.9656050715528	337.0	0.6480354538927523
1585.7307451446409	100.0	0.8813570906409259
1587.4554180914733	77.0	0.9074772455145826
1580.720547769458	535.3333333333334	0.4940267465643722
1575.6026016290577	78.0	0.9056605257839365
1572.0027351024391	183.66666666666666	0.7907730618514005
1570.1579803993566	242.66666666666666	0.7322778382791606
1568.3203629757663	71.33333333333333	0.9129897569298855
1573.4252296856394	169.0	0.8060175012152571
1571.761398688232	81.0	0.901982221917467
1577.7827721635263	88.66666666666667	0.8935861303671973
1574.0714360509805	176.0	0.7988653532942148
1580.6732562444147	201.33333333333334	0.7740374985021353
1580.231570779216	128.66666666666666	0.8494156482261088
1584.2565878462526	313.3333333333333	0.669756537135739
1580.4253687965331	404.6666666666667	0.5922943022918913
1580.1140886083897	94.0	0.8877017992505664
1579.6441182447893	87.66666666666667	0.894840641037031
1583.5736418478357	99.33333333333333	0.8819502981468839
1581.5073291761976	142.33333333333334	0.8348648614354793
1585.935573487911	85.33333333333333	0.8978819829830528
1587.4291909786905	161.66666666666666	0.81514258814345
1585.6414494981127	120.66666666666667	0.8585640359750667
1586.4792456448943	84.66666666666667	0.8986723229337238
1586.6276367588684	210.66666666666666	0.7655735443381212
1588.462941104056	311.6666666666667	0.6719522022160146
1588.123758776971	539.0	0.49321237396181594
1587.2691986859954	167.66666666666666	0.8089198927700149
1588.1522973222554	96.66666666666667	0.8852497879798291
1590.349096941167	204.33333333333334	0.772290261623523
1588.933503875858	110.33333333333333	0.870140073451277
1590.529587438067	89.33333333333333	0.8936421154027128
1589.8421878510055	264.0	0.7151861126798158
1592.6488007530886	125.66666666666667	0.8537327178281536
1593.0080151850227	126.0	0.8534038248955597
1592.8931185742126	73.66666666666667	0.9115943306456069
1592.6673235671653	276.6666666666667	0.7039943978849291
1593.0661874451296	154.66666666666666	0.8230088010272384
1589.4626785926062	433.3333333333333	0.571550140717601
1592.2101469492302	106.33333333333333	0.8747946878396731
1593.1610899597206	50.666666666666664	0.9383552608082862
1590.75591450124	93.66666666666667	0.888784836164186
1592.7883815411092	210.0	0.7670275644660168
1590.6426092048487	498.0	0.5231352670818203
1590.1734111093022	519.6666666666666	0.507387624170587
1592.1284611949995	113.33333333333333	0.8670936708204865
1592.5837666311772	82.66666666666667	0.901308287974674
1591.2706784865727	124.66666666666667	0.8546955493231794
1589.7241191368614	79.66666666666667	0.9045560004953295
1590.6441566896606	250.66666666666666	0.727730197979553
1591.0419232720703	373.6666666666667	0.6196212826877107
1587.7074811208981	306.3333333333333	0.6765293218651116
1585.6242499816578	78.66666666666667	0.9054652454330621
1584.9538458977488	375.6666666666667	0.6167879870079404
1585.9553311799577	313.3333333333333	0.6700519102886052
1584.5310768640413	90.33333333333333	0.8921305715455642
1588.238248900211	79.33333333333333	0.9048516607280219
1588.0680971969134	118.66666666666667	0.8609430484698889
1588.899642890266	451.6666666666667	0.5573124337579238
1589.091797853709	99.33333333333333	0.882336111328197
1589.4861229089836	113.33333333333333	0.8668874343455875
1592.1731369908312	126.33333333333333	0.85297310715449
1595.888812863072	165.66666666666666	0.8119086584648554
1596.3403023640922	124.33333333333333	0.85548295649577
1598.2720528917357	211.33333333333334	0.7664315823305703
1597.9443410222775	121.0	0.8592159186166088
1599.8125288326125	69.66666666666667	0.9165408387783688
1597.1268731862594	53.666666666666664	0.9349807648611854
1599.6503566361764	293.0	0.6903812698709428
1601.0014205648488	83.66666666666667	0.9006728182236068
1599.1227028795415	146.66666666666666	0.8319766757374739
1600.006599699339	507.0	0.5187485411081799
1599.1800694125259	67.0	0.9195765196931885
1601.5249803289441	71.66666666666667	0.9143353759919234
1601.2521895116317	93.33333333333333	0.8898452369914739
1601.5647416073816	76.33333333333333	0.9090131463008796
1600.9326009643594	191.33333333333334	0.7864900183930482
1600.8654017947122	86.0	0.8980357295745093
1601.3633578321026	151.33333333333334	0.8273137227951222
1598.1265075645251	310.0	0.6750739547183644
1599.3782891228109	56.0	0.932341748870375
1599.15828859721	87.0	0.8968068412220312
1598.9058806384671	122.33333333333333	0.8578543501213336
1600.09636206072	90.66666666666667	0.8927505923347399
1596.840169355258	106.66666666666667	0.874768137807116
1597.437746510154	109.0	0.8722484893188556
1597.6689219669042	159.0	0.8189755644769179
1597.2672919651345	84.66666666666667	0.8993222459988377
1597.209164380638	98.66666666666667	0.8836392796449795
1599.674304639328	102.33333333333333	0.8797498541719505
1600.0543907538024	117.33333333333333	0.8633583649310165
1601.02877531394	312.6666666666667	0.6732325742041086
1603.539891850935	148.33333333333334	0.830657457171045
1604.9363116063903	100.66666666666667	0.8819576795432277
1603.2639052735828	118.0	0.8628914489655266
1601.5154548791754	289.0	0.6942632769765215
1601.4948743800624	126.0	0.8541240244834682
1600.557651556153	270.0	0.7113160347927455
1599.2618138935627	68.33333333333333	0.9180456558092446
1597.878063115175	57.333333333333336	0.9307238538154702
1598.1939905564766	56.0	0.9322933098298085
1599.963804165712	160.0	0.8181780788658367
1601.5738035803756	65.66666666666667	0.921227120096315
1599.9643267878455	64.33333333333333	0.922690111420755
1599.7859585104684	367.0	0.6268022980213415
1598.1109073737339	220.0	0.7579905614033298
1597.8679922885121	86.33333333333333	0.8974786066013135
1595.9148091195846	79.66666666666667	0.9049086328323319
1595.5223233777056	133.66666666666666	0.845399586238128
1595.8362080579914	85.66666666666667	0.8981070232417004
1595.8808673452759	77.0	0.9079432355249628
1595.7732062046055	313.3333333333333	0.671748719263023
1594.5305607184025	64.33333333333333	0.922436875545949
1594.0309412608296	84.0	0.8998826565892944
1594.7912223777096	116.33333333333333	0.8640270423972825
1597.4961518411938	405.3333333333333	0.5952392988682085
1597.1900511970005	85.66666666666667	0.8981889952278078
1596.8249677297583	109.66666666666667	0.8714711933463944
1598.6862955759868	305.0	0.6795690543039624
1599.4117293853255	330.0	0.657926823006169
1600.3911617338445	81.0	0.9036512123490966
1602.1862463619752	155.33333333333334	0.8232357293450323
1602.0860811945859	228.33333333333334	0.7505125530017147
1603.1663653003377	252.0	0.7283262517976893
1601.9114199008086	105.0	0.876970768634143
1601.1941898515402	120.66666666666667	0.8598415589623565
1601.1147202272084	103.33333333333333	0.8787486270203742
1601.2816996306017	128.0	0.8519616554927487
1601.1291915331444	172.33333333333334	0.805653256364909
1601.8562439841376	105.33333333333333	0.8766003087965838
1600.5733160698132	71.0	0.915050091650261
1598.8936596998788	315.3333333333333	0.6705371573162617
1598.57111613344	63.666666666666664	0.9233964390348322
1598.219178088741	76.0	0.9092114091217611
1598.216720587049	76.0	0.9092112758575828
1597.8623680531011	99.33333333333333	0.8829441610626422
1596.6001797380857	151.33333333333334	0.8268431468340982
1595.2923448421275	69.0	0.9170818754122849
1595.6403972944747	131.0	0.8482602397056528
1596.7264840188134	88.0	0.895532003758757
1597.0771953213564	113.33333333333333	0.8674782089625294
1596.619400877172	82.66666666666667	0.9015454623671393
1597.342565278112	118.66666666666667	0.8616946057659841
1597.8233627920483	514.6666666666666	0.5127393175923863
1597.1323821627193	88.33333333333333	0.8951822840165744
1596.7641050606996	130.33333333333334	0.8490724027076021
1598.0744142969347	88.0	0.8956155205798618
1596.803175457482	80.33333333333333	0.90420179524772
1597.0607415102131	333.6666666666667	0.6543617030000762
1596.5115636062626	66.0	0.9206020560159773
1595.0596018438055	136.33333333333334	0.8425160105907618
1594.6843227666639	70.66666666666667	0.9151330054564504
1594.3323146926036	158.0	0.8196689079174841
1594.0971837896225	62.333333333333336	0.9247377626903426
1594.890718961285	290.6666666666667	0.6916915190360379
1596.6443595230073	130.66666666666666	0.8487051090562328
1595.239410422673	93.66666666666667	0.8890800762253258
1596.4230358370507	127.33333333333333	0.8522606377435847
1597.239660739353	109.33333333333333	0.8718679673086676
1597.6229867082136	110.0	0.8711659413626809
1599.513085999342	272.0	0.7093261040654079
1600.4312881353076	108.33333333333333	0.8732027431136496
1601.5055408326627	72.66666666666667	0.9131909294143555
1601.427299018891	130.33333333333334	0.8494788126043684
1600.9277400409467	462.6666666666667	0.5515914705304578
1601.2576202385926	66.0	0.920828072160132
1600.2231630872272	72.0	0.9138870916402391
1600.1456584604932	141.33333333333334	0.8376858589746735
1599.8102855327475	130.66666666666666	0.848981904670165
1598.723645333342	71.33333333333333	0.9145737729376351
1598.5048875731723	338.3333333333333	0.6506333573126393
1598.0524340936895	65.0	0.9218304863184631
1599.0568747962486	94.33333333333333	0.8885864192665573
1599.1917418423266	174.0	0.8037437284484351
1599.8088547339041	60.333333333333336	0.9273154627754214
1598.6810170366787	71.66666666666667	0.9141895218990889
1598.6747850708748	153.0	0.825310038936469
1599.0363988609495	50.666666666666664	0.9385748044900889
1598.717634882727	550.0	0.4880667510042398
1597.5881361691102	101.66666666666667	0.8803397036194904
1598.2538589344754	213.66666666666666	0.7641544828840896
1597.1126417220407	107.0	0.8744214468218787
1596.530988559379	99.33333333333333	0.8828522635319437
1597.0493914813426	152.66666666666666	0.8254954957340255
1595.8057641277817	139.33333333333334	0.8393980822203728
1596.4937157341287	97.33333333333333	0.8850728787370349
1596.8722293124708	88.0	0.8955410404788863
1597.857123089076	120.0	0.8602910586833739
1598.1680425518257	149.0	0.8294382722541352
1598.415394309687	151.66666666666666	0.8266747942298736
1598.4197860602608	92.0	0.8911512977324789
1597.7345944333701	208.0	0.7696228441973564
1597.664816209384	379.6666666666667	0.6159807599741068
1598.3184368881766	95.66666666666667	0.8870513483667485
1597.4590537106658	74.0	0.9114546062786058
1596.482466548033	79.66666666666667	0.9049408371988077
1596.1277535386446	77.0	0.9079568193915307
1597.1605216203932	87.66666666666667	0.8959339363987874
1596.7481513122304	89.33333333333333	0.8940343819123163
1595.081203268712	310.0	0.6745545549784374
1593.958354606319	68.66666666666667	0.9173996953154329
1594.0834604849435	170.0	0.8072653547204991
1594.718594991276	55.666666666666664	0.932541003655419
1595.301936473765	265.0	0.7151000116655126
1596.3682877506576	330.3333333333333	0.6570996466515839
1596.1555786680326	73.0	0.9125306221505689
1595.1763621862976	192.0	0.7851359227187611
1596.0428916534345	67.66666666666667	0.9186556736080883
1595.7117480333043	322.0	0.6641831074662552
1594.7367767741105	79.66666666666667	0.9048417309714109
1595.906627533703	258.6666666666667	0.7210499391147599
1596.5941532203892	220.0	0.7577884971059801
1598.1038642831863	185.33333333333334	0.7921616375602992
1598.465740831813	195.33333333333334	0.7822126946695593
1598.8166743814918	84.0	0.9001673785638312
1599.7935009889716	201.66666666666666	0.7761075484348797
1600.0322585989882	106.33333333333333	0.8753686386597619
1599.8151338845757	119.66666666666667	0.860810778423705
1600.4431500180808	100.33333333333333	0.882014674690675
1600.0281309444836	154.0	0.8244041845359956
1600.2634709370361	157.0	0.8213130784352082
1600.8610459592724	248.33333333333334	0.7314145704592384
1601.4279579077302	138.0	0.8413271450851081
1600.987330519925	246.33333333333334	0.7333074455849851
1600.042309511868	393.6666666666667	0.6050911428194179
1599.5661094824554	116.66666666666667	0.8640433066096744
1598.6373369346206	137.33333333333334	0.8417792008984399
1597.6902764875888	87.33333333333333	0.8963417096065323
1597.358847566467	65.0	0.9217978716266302
1597.1329897184262	133.66666666666666	0.8455434559701268
1595.6896730766587	95.0	0.8876198257872809
1595.5176495241499	59.666666666666664	0.9279032962274781
1595.1620212243063	56.333333333333336	0.9317789987384828
1594.9386838582457	422.6666666666667	0.5810214653160954
1595.5147143577494	267.6666666666667	0.7126778215017391
1595.0603602087072	147.0	0.8312343207414596
1595.1890513532746	163.0	0.8145819417149263
1595.4699942025566	107.0	0.8743002809278654
1594.9899286776783	398.3333333333333	0.6003324288389981
1596.0704375640048	111.0	0.8699526421904449
1595.6079196471187	104.33333333333333	0.8772506601032136
1596.1344727802398	179.0	0.7983251379038933
1596.8540811628757	91.0	0.8921707735098712
1597.131527249661	53.666666666666664	0.9349809481686567
1596.6679575370574	58.666666666666664	0.9291180576919454
1597.0168034189958	61.666666666666664	0.9256438400950822
1596.120059639569	79.33333333333333	0.9052992656601861
1596.8491717840402	98.0	0.8843554911770198
1596.705129440018	55.666666666666664	0.9326221050276597
1596.5214508266724	343.6666666666667	0.6457388192742124
1596.0719438282008	263.6666666666667	0.716447607014508
1595.6419543424383	107.0	0.8743129761050397
1596.8653846204716	133.0	0.8462308094231507
1597.7821036895843	108.66666666666667	0.8726399894864929
1597.970511784956	95.0	0.8877712289272679
1597.5199561068348	106.33333333333333	0.875184871852117
1597.1839774820069	113.33333333333333	0.867486481876864
1596.3382923027523	294.6666666666667	0.6883491338623908
1595.462342856186	297.6666666666667	0.6855294434036578
1595.3079423401716	83.0	0.9010908571590649
1596.087466227057	76.33333333333333	0.9087151590635585
1595.9593296223582	61.333333333333336	0.9259837025719422
1595.3652737766824	64.33333333333333	0.922475884407284
1596.3573938794618	73.33333333333333	0.9121593812097787
1596.3922556158482	53.0	0.9357339046311808
1597.0555766892082	67.66666666666667	0.9187051570473894
1597.9895249644462	85.33333333333333	0.8986132304772186
1598.6426653279902	57.0	0.9311445625391539
1598.4707140455193	63.333333333333336	0.9237776157384762
1598.2761586374004	273.3333333333333	0.7079162779351759
1597.4671509798702	52.666666666666664	0.9361667931370786
1597.870713202799	223.0	0.7550622365629059
1597.7450502493502	54.666666666666664	0.9338340849232248
1597.588583720658	68.66666666666667	0.9175796545568814
1598.8757329023479	95.66666666666667	0.8870884945800136
1598.0654930995415	143.33333333333334	0.8353813828771885
1599.0696316783385	100.0	0.8822885205696719
1598.2524342155875	116.66666666666667	0.8639391600377573
1598.6712938258302	121.66666666666667	0.8585549241361434
1600.1081779247922	261.6666666666667	0.7189062174442625
1599.2953301336147	134.0	0.8453812253799007
1599.7869800098847	94.33333333333333	0.8886344345317794
1600.996354686133	168.66666666666666	0.8093799049519255
1600.9556587087563	120.66666666666667	0.859822139980261
1600.3852125071785	298.6666666666667	0.6854570747202574
1600.7148697681896	307.0	0.6781489677885625
1600.6882001409174	322.6666666666667	0.6644751603200151
1601.4707087922527	90.33333333333333	0.8932106425046269
1601.4076040884254	115.0	0.8659991953821763
1601.703850653531	611.6666666666666	0.4472984420094001
1601.133370732656	328.3333333333333	0.6596641624948154
1600.6334084988357	262.0	0.7186778688661497
1601.4251067280468	101.33333333333333	0.880977441134069
1601.9900809699986	71.0	0.9151220311374061
1601.4483664042477	75.33333333333333	0.910145329776532
1601.10387730133	57.0	0.9312467683354421
1600.3188562364783	59.666666666666664	0.9281118228521466
1601.220178396497	87.66666666666667	0.8961840848924512
1601.1434391623975	213.33333333333334	0.7648541589872182
1601.017269600213	79.33333333333333	0.9055752612641271
1601.3898739767324	255.66666666666666	0.7246538690975042
1601.424331687269	117.66666666666667	0.8631059475276934
1600.6515958738105	74.66666666666667	0.9108627078971357
1599.9188109735085	59.666666666666664	0.9280944941124588
1600.4358912464554	104.33333333333333	0.8775982909252125
1599.6979213205814	146.66666666666666	0.8320320193440184
1599.3910859168834	145.66666666666666	0.8330523256883529
1599.242129065016	82.33333333333333	0.9020759577260895
1599.3884716549157	69.0	0.9172854509938477
1599.8439734639387	132.0	0.847561325358911
1599.684049945657	105.0	0.876810016491505
1599.9072424652486	315.6666666666667	0.6704207912189427
1600.4011107277613	96.0	0.8868192205335026
1600.5165503256453	69.0	0.9173413405377248
1600.7963279837584	106.33333333333333	0.8754244206016613
1600.097368811683	126.66666666666667	0.8532901264282153
1600.6003658805141	193.66666666666666	0.7841272640541879
1600.6849995598745	249.66666666666666	0.7301413874738558
1600.318201472324	253.66666666666666	0.7263551919695067
1600.00400821041	149.0	0.829617314425188
1600.4925885455225	109.33333333333333	0.8721117373010798
1600.1441727170927	122.66666666666667	0.8575970572479751
1599.9981241709163	60.666666666666664	0.926936890573722
1599.5379699629943	89.0	0.8945833595889461
1599.3704931795257	112.66666666666667	0.868382919122166
1600.0731054398723	104.66666666666667	0.8772051096838897
1600.0497757607477	78.66666666666667	0.9062776003397987
1599.3441920455487	265.3333333333333	0.7154110244564454
1599.1635285229966	98.33333333333333	0.8841431338779632
1598.965061361091	65.0	0.9218733595922606
1599.3591440237128	98.66666666666667	0.8837866114337202
1598.9854709219856	117.0	0.8636352090590408
1598.7699329251982	143.33333333333334	0.8354479483398635
1599.0716014834145	337.3333333333333	0.6515880255539042
1598.9621765008765	136.66666666666666	0.8425162531670671
1599.4362447196424	129.0	0.8507321280792464
1599.927407795347	678.6666666666666	0.40431104050254946
1599.5956146293386	178.0	0.7997294789263797
1598.591005542982	59.333333333333336	0.9284245584167642
1597.904130709763	73.0	0.9126221562825496
1597.7496900322271	186.0	0.7914505594149372
1597.6424445808289	235.66666666666666	0.7429056941670849
1597.5144005122283	87.33333333333333	0.8963308890424178
1597.3532583286717	265.0	0.7154138197843104
1598.0469124328451	268.3333333333333	0.7124558792967954
1597.8624408290202	60.0	0.9276176376008654
1598.267580784794	90.66666666666667	0.8926344624682939
1598.7008780057852	427.0	0.5784175199446396
1598.686437550079	115.33333333333333	0.8654235671110257
1599.8826428709676	266.6666666666667	0.71426775033045
1599.239149363107	90.0	0.8934431515704183
1599.3779473065438	139.0	0.8400808061154161
1598.3905270580526	90.0	0.8933895937489994
1598.1193645330125	153.0	0.825254630724957
1597.9352262515258	99.0	0.8833190584195866
1597.2625975589779	141.33333333333334	0.8374166983575122
1596.609755792697	59.666666666666664	0.927950834948107
1597.0372433487412	100.66666666666667	0.8814084528252596
1597.1431084036965	277.0	0.704398240712861
1596.8061254286029	64.33333333333333	0.9225431278584141
1596.6973830488462	63.666666666666664	0.9233099913509023
1596.3446043027384	63.666666666666664	0.9232936935066869
1595.6884835171052	59.333333333333336	0.9282990317961529
1595.781804608863	52.333333333333336	0.9364931100642937
1595.689306665977	153.33333333333334	0.8246639810981592
1595.5636000810607	208.66666666666666	0.7686917567979774
1595.3926069804577	58.333333333333336	0.9294522364180069
1595.4737801592933	111.33333333333333	0.8695419857894631
1595.3413178404571	98.66666666666667	0.8835109780248479
1595.9821584950596	104.33333333333333	0.8772776771902008
1596.4404945290348	332.0	0.6556803272469329
1596.976624275442	139.33333333333334	0.8395063822300237
1597.8708792883679	207.0	0.7706207104614411
1597.227626757343	298.3333333333333	0.6852295023853391
1596.9133297028704	200.33333333333334	0.7770664011194798
1597.1150393940893	108.66666666666667	0.8725901839836049
1597.2828660861505	100.0	0.8821646032041848
1598.241074664461	384.6666666666667	0.6120175854390082
1598.3171835167634	174.66666666666666	0.8029686884642565
1598.6505455628999	95.66666666666667	0.8870734878024663
1598.7071369976252	110.0	0.8712476847339897
1599.0162272089026	265.6666666666667	0.7150543209901997
1599.068138322164	112.33333333333333	0.8687235751589376
1599.8899425247253	204.33333333333334	0.7734944049691902
1600.0915300908484	254.0	0.7260113690422239
1599.8973204977424	203.0	0.7748069202921041
1599.6882804626257	141.0	0.8379951176984702
1599.2624826512008	66.33333333333333	0.9203488232898525
1599.1191674949055	82.33333333333333	0.9020687967185774
1598.7867235854749	154.0	0.8242798191841848
1598.8213873190693	69.0	0.9172573268041445
1598.3898137216247	191.33333333333334	0.7861866695436354
1598.9903863765053	65.33333333333333	0.9214896326242066
1598.5226117683844	73.66666666666667	0.9118919519259099
1598.0458385061647	63.666666666666664	0.9233722241741872
1597.7507672799986	67.0	0.9195074706474292
1597.2703721024654	70.0	0.9160304157366769
1596.6238353844185	141.66666666666666	0.837004612865907
1595.646536813907	68.0	0.9182518660120814
1595.2129428955063	62.333333333333336	0.9247884246403657
1594.8746941026416	181.66666666666666	0.7954827614168258
1595.0729133741647	205.0	0.7722314485408975
1595.3587442698852	147.33333333333334	0.830912947586282
1594.7140427842476	176.33333333333334	0.8008711277731213
1595.0432335039911	88.33333333333333	0.8950522003531376
1595.0250810351527	142.66666666666666	0.8357974976225211
1594.965461453677	214.0	0.7634006789405139
1595.7479920656274	266.3333333333333	0.7139401703883477
1595.5254002435522	144.66666666666666	0.83373482799111
1595.4578863650886	94.66666666666667	0.8879766979340628
1595.3468098753938	281.6666666666667	0.6998778429811076
1596.0124431873617	234.0	0.7442640339729729
1596.3553592212636	442.0	0.5663170329938325
1596.4736225012855	99.0	0.8832184721883811
1596.562868527376	248.0	0.7311016021937022
1595.926630906167	109.0	0.8721352602228207
1596.4678955592944	294.3333333333333	0.6886681383154025
1596.942152867691	110.33333333333333	0.8707492326515581
1596.744134791673	78.66666666666667	0.9060926829429626
1597.0515833716893	511.6666666666667	0.5147131043634113
1596.5207659389134	134.66666666666666	0.8444227769560662
1597.0348777305771	61.333333333333336	0.9260317064399282
1596.4782957040625	109.0	0.8721766201603848
1595.833918171057	155.33333333333334	0.8225945200838015
1596.3209747728088	101.66666666666667	0.8802504044370094
1595.905415403211	203.33333333333334	0.7739784856499813
1596.2999585380087	98.66666666666667	0.8835768619871766
1596.1340788548143	117.66666666666667	0.8626833755625859
1596.0083879945098	286.3333333333333	0.6957690199510131
1595.7360215476363	218.66666666666666	0.7589656716372329
1595.4759534989655	267.0	0.7132848888616287
1595.932098448645	112.66666666666667	0.868118052093918
1595.784201332354	173.33333333333334	0.8040454295015641
1596.0546739483068	94.66666666666667	0.8880162397048431
1595.6355340505527	65.66666666666667	0.9209455490538482
1596.1404630844363	97.0	0.885420020234715
1596.3450918284545	373.0	0.621193866379523
1596.15588285264	90.33333333333333	0.8928741050148856
1595.9566075952303	73.66666666666667	0.9117565407690749
1595.6731395279962	242.0	0.7366234562669209
1595.9181755123223	234.33333333333334	0.743933189290331
1595.4688086584963	198.0	0.7791988363063835
1595.627364815882	208.66666666666666	0.7686999313574074
1595.7267913898215	109.66666666666667	0.8713884281089647
1595.579612492886	106.0	0.8754098847661844
1596.377300595431	433.0	0.5732681154234304
1596.4587166277743	299.6666666666667	0.6839168239539012
1596.4777915095444	214.0	0.7635983153136935
1596.4812279422533	280.0	0.7015690902412622
1596.0646914507486	250.33333333333334	0.728841419917997
1595.8972302774341	59.666666666666664	0.9279198262576255
1595.4065415060431	58.666666666666664	0.9290640022741471
1595.125146997382	75.33333333333333	0.909805201122486
1595.364327571628	330.3333333333333	0.6569208759612902
1595.2132868594083	141.0	0.8375775590854379
1595.2810499225973	74.33333333333333	0.9109574832622427
1595.077073546824	62.666666666666664	0.9243952305214601
1594.8172338185402	58.333333333333336	0.9294276825203736
1594.3942909794046	64.33333333333333	0.9224305034890963
1594.1815566150008	78.33333333333333	0.9063286864540224
1594.4488957913381	69.66666666666667	0.9162718404438636
1594.2248674810132	59.333333333333336	0.92823556702859
1593.7919300642543	64.33333333333333	0.9224023241748204
1593.8443998504977	289.3333333333333	0.6927179753297462
1593.8929540179345	74.33333333333333	0.9108833928623001
1593.6963147671288	61.0	0.9262704588683577
1593.4253820201388	130.0	0.8491376518458623
1593.3575494379702	133.66666666666666	0.8452057991773195
1593.916349104551	87.0	0.8964850332423191
1593.7826767635422	113.33333333333333	0.8672224586225961
1594.3076034570909	424.0	0.5798460063532984
1593.8773203981937	86.33333333333333	0.8972351078222266
1594.0247464523475	152.0	0.8258902111108786
1593.5786150101092	103.0	0.8785791603304085
1593.8325406318968	232.33333333333334	0.7455506789984436
1594.4781518007783	144.0	0.8343378663104398
1594.6030420382833	92.0	0.8909049756143962
1594.7151529905502	120.66666666666667	0.8593121772844958
1595.4418461777773	93.0	0.889839261908215
1596.0232796612013	333.3333333333333	0.654461667596049
1596.346525687268	182.66666666666666	0.794642707033591
1596.0736841975965	92.33333333333333	0.8906266885003138
1595.8234814988216	67.66666666666667	0.9186449444966174
1595.6536019080716	94.66666666666667	0.8879896686720928
1595.5870742861173	61.0	0.9263546106970718
1595.9981911030486	416.6666666666667	0.5859552423165121
1596.4780774598594	177.66666666666666	0.7997157027296121
1596.2025158434594	66.33333333333333	0.9202022219657058
1596.572190942117	83.0	0.9011653081092714
1596.494632786817	219.66666666666666	0.7580978443569208
1596.3295068269458	55.0	0.9333870075322722
1596.7679719829043	66.33333333333333	0.9202293532915964
1595.9872687220154	205.33333333333334	0.7720191140888044
1595.5598036737688	62.0	0.9251912361019072
1594.9546743265155	65.0	0.9216846086157477
1595.1454428941317	95.66666666666667	0.8868393878589894
1594.693420664512	459.6666666666667	0.5524964980566575
1594.3727173469847	297.6666666666667	0.6853483398054688
1594.2442906050096	89.66666666666667	0.8935018906083403
1594.5680737181694	160.66666666666666	0.816928570327362
1594.969767740613	105.33333333333333	0.8761005219989276
1595.2908268481572	269.0	0.7114184159187417
1595.2811486396831	124.66666666666667	0.855034361441412
1595.1373968833207	77.0	0.907902304985799
1595.2958482842132	76.33333333333333	0.9086719301472477
1595.966589756803	101.0	0.8809640677551883
1595.8847506696022	97.0	0.885402712781679
1596.6714375433853	112.0	0.8689039946017636
1596.4476195674183	175.66666666666666	0.8017434112108249
1595.8646397775403	160.66666666666666	0.8170637026767162
1595.8010490611196	109.66666666666667	0.8713940279779874
1595.6590638715033	193.0	0.7841958773493068
1596.002283793318	94.0	0.8887575467779713
1596.1763963912056	91.33333333333333	0.8917537105421702
1596.2387463240923	74.33333333333333	0.9110085290679869
1596.0200900845834	147.0	0.831327245352787
1595.7833743543983	56.666666666666664	0.9314149713940497
1595.5400974430006	107.66666666666667	0.8735718188355736
1595.23286078312	85.0	0.8988235476356732
1595.3008044889607	191.0	0.7861502390638593
1595.0565419527186	87.66666666666667	0.895803818218453
1594.6865732738977	143.33333333333334	0.8350613444777711
1595.2888987046729	243.0	0.7356237094493396
1595.2276710629499	112.66666666666667	0.8680636568929202
1595.38147575528	211.33333333333334	0.76605789439459
1595.5880404550417	140.0	0.8386713935142185
1595.5877508808346	117.0	0.8633646656180701
1595.3329122882499	116.33333333333333	0.8640700736712987
1595.3512869655694	182.66666666666666	0.7945277590774549
1595.3719385988406	212.66666666666666	0.7647542856138992
1595.6890866070564	72.33333333333333	0.9132705502412632
1595.2739269810618	65.0	0.9216996678154286
1594.8792217031944	73.0	0.9124636855593724
1594.4601346628542	453.3333333333333	0.5572470169299542
1594.9346763429687	580.3333333333334	0.46642590177226784
1594.952157770662	232.33333333333334	0.7457065855724998
1594.7371137331843	74.33333333333333	0.9109284650459444
1594.2849102337034	66.66666666666667	0.9197247317816711
1594.0909138316829	129.33333333333334	0.8499112060816332
1594.1816346243752	99.33333333333333	0.8826897485847154
1594.0828654534694	115.0	0.8654248985528421
1594.2489741094046	182.0	0.7950737732684652
1594.3572227615587	140.0	0.8385569037766248
1594.070134559394	397.3333333333333	0.600951449829717
1593.8639290310423	120.33333333333333	0.8596038670982841
1594.6213598481336	412.3333333333333	0.5890955239455916
1594.2351648694535	72.33333333333333	0.913194887085245
1594.2972861993137	79.0	0.9055756551432189
1594.0161627096395	74.33333333333333	0.9108899741815025
1594.2536483615156	91.33333333333333	0.8916302340665944
1594.2735687717181	81.0	0.9032993756841902
1594.2849240874925	73.66666666666667	0.9116680998717012
1594.4744127594752	175.66666666666666	0.8015224111700568
1594.7042828561591	95.33333333333333	0.8871819982938839
1594.7047080535824	125.66666666666667	0.8539075126298221
1594.6653788080512	102.66666666666667	0.8790258312268505
1594.645896114464	572.6666666666666	0.4715421517865319
1594.6814753427873	53.0	0.9356671774330974
1594.4238649096308	55.0	0.933310047016916
1594.3695199948372	132.33333333333334	0.8467213590592446
1594.413753552854	302.6666666666667	0.6809131933040101
1594.3621786752203	140.66666666666666	0.837850918681472
1594.5352330284009	209.0	0.7682329724725607
1595.0399995249456	153.66666666666666	0.8242510655016524
1595.0654443829364	221.33333333333334	0.7562943379519201
1595.138660540608	116.66666666666667	0.8636916653869717
1595.3234475018103	286.0	0.6959587141915693
1595.4596406692037	342.0	0.6469603879006509
1595.521863189062	158.66666666666666	0.819099641838707
1595.230295963797	162.0	0.8156189312555108
1595.485807631918	188.33333333333334	0.7888425692848847
1595.9017227226473	183.66666666666666	0.7935829072242683
1595.6475844767547	104.0	0.8776216894021392
1596.3501669826587	255.66666666666666	0.7239045973865305
1596.4967621433266	173.0	0.8044641802108172
1596.553868802463	128.33333333333334	0.8511979992959217
1596.8749564072084	185.0	0.7923535550743525
1597.1841178147936	196.66666666666666	0.7807324127870354
1596.5279685270211	205.33333333333334	0.772087526247071
1596.144347203319	93.66666666666667	0.8891394766659114
1596.6421451076576	110.0	0.8710918978353707
1596.5741002283014	264.0	0.7162166237102775
1596.379940726729	131.66666666666666	0.8476121348772251
1596.1279325170292	57.0	0.9310398198726064
1596.5210987492662	56.333333333333336	0.9318350941984006
1596.8025918922292	61.333333333333336	0.9260213443297902
1596.7480102608586	63.666666666666664	0.9233123296832365
1596.2284968923377	65.0	0.9217446605068531
1596.2872914293105	86.0	0.8977582480256004
1596.2070492249059	62.333333333333336	0.9248335054257933
1595.972845652041	82.0	0.902263019079864
1595.6142936317526	318.6666666666667	0.6670638497945574
1595.4586627679796	67.33333333333333	0.9190117182531462
1595.628449991648	57.0	0.9310189776773018
1595.6720518773823	283.6666666666667	0.6981207657058995
1595.8230430465237	76.33333333333333	0.9087007239136432
1595.7358716670253	98.66666666666667	0.8835381033320483
1596.0375329800443	121.33333333333333	0.8586987403672505
1596.1667852865276	303.6666666666667	0.6803228552961093
1596.0683988728279	75.33333333333333	0.9098561023579923
1595.8091080997367	169.66666666666666	0.8077949648568631
1595.6757009180965	359.6666666666667	0.632118985780555
1595.7180316630938	112.66666666666667	0.8681015268085487
1595.6080009244404	341.0	0.6478378692670653
1595.5189588564574	126.33333333333333	0.8532588028527499
1595.7828813361843	134.0	0.8450672608154259
1595.6330798898905	196.66666666666666	0.7805426608528946
1595.5146153479413	86.66666666666667	0.8969591831828335
1595.6997079723485	96.0	0.8865046798227985
1595.9761048127818	336.6666666666667	0.6515996938131028
1596.215129335414	56.666666666666664	0.9314328867270126
1596.205927709715	57.666666666666664	0.9302646807707569
1596.2538533002028	277.0	0.7042579151651064
1595.8610900155843	65.66666666666667	0.9209562808655206
1596.011483703184	71.0	0.9148176234007974
1596.090512851424	119.66666666666667	0.8605086219714635
1595.5923200858635	144.66666666666666	0.8337412215447002
1595.576055385616	126.0	0.8536224994465583
1595.8624383166527	110.33333333333333	0.8706674402004468
1595.4661261880578	124.66666666666667	0.8550499505799544
1595.284584018926	140.0	0.8386431813094778
1595.150012483195	88.33333333333333	0.895058856919681
1595.30066653531	125.66666666666667	0.8539581033965876
1595.0509287114658	116.33333333333333	0.864047676593291
1595.2158520317296	116.66666666666667	0.8636978117454316
1594.9599695771658	255.0	0.7243183591066743
1595.0294079434673	67.0	0.9193756744859247
1594.9790735353936	227.33333333333334	0.7505001530182639
1594.4007067276677	73.0	0.9124385641610228
1594.1405572336432	325.0	0.6613067252682386
1594.1387172667855	240.33333333333334	0.7379809267143514
1594.114012803529	130.66666666666666	0.8484831512528261
1593.8450985744732	333.0	0.6543572700822069
1593.5721489917605	86.33333333333333	0.8972164395655849
1593.0851912543328	109.66666666666667	0.8711889038246995
1593.2666705671854	140.66666666666666	0.8377484720478671
1593.6326997173942	411.0	0.5899498196772494
1593.5920143838953	153.33333333333334	0.8244534793273226
1594.1813241116104	110.66666666666667	0.870174153630968
1594.5489845858485	92.33333333333333	0.8905278307176412
1595.1683234564998	94.66666666666667	0.8879575020993419
1595.6562467219544	119.33333333333333	0.860834917341613
1595.8092117996198	95.33333333333333	0.8872557093336702
1596.239478874723	84.66666666666667	0.89926068520691
1596.2149074093654	80.66666666666667	0.9037896677812631
1595.9440335031004	53.666666666666664	0.934934143357407
1595.47211413772	80.0	0.9045045282163089
1595.5036628600258	152.33333333333334	0.8256893135171044
1595.4479345727918	256.0	0.7234596823171588
1595.474421921128	94.0	0.8887227900223418
1595.004228666472	71.66666666666667	0.9140002181986363
1594.8524569126023	122.0	0.8578794589962712
1594.7886285383868	167.0	0.8104199365408025
1594.2238788350785	67.0	0.9193365796704256
1593.6539264679252	58.333333333333336	0.9293779864375576
1593.719285358216	152.0	0.8258597458653725
1593.4413696700008	126.33333333333333	0.8530815308392307
1593.1138253332833	48.666666666666664	0.9407147704534082
1592.832533877268	303.0	0.6803515135587228
1592.8884736448958	116.33333333333333	0.8638756738787442
1593.05556480888	325.0	0.6611151355957888
1593.2782152755565	87.0	0.8964457204657236
1593.4922966273057	138.33333333333334	0.8402456564446649
1593.3317465944076	98.33333333333333	0.8837437333192057
1593.0509490196098	110.0	0.8708200713979539
1592.7666876170024	117.0	0.863139221453578
1592.8162294342562	291.0	0.6910526669712443
1592.3489951585232	108.0	0.8729672551840675
1592.296982310528	130.0	0.849038811151373
1592.4382928034531	218.0	0.7591743382068789
1592.7787348309366	112.66666666666667	0.86787420275345
1592.6725169434517	86.33333333333333	0.8971613668658734
1592.208497382948	140.66666666666666	0.8376493938109909
1591.8902642962528	87.33333333333333	0.8959836754835817
1591.9360331499997	64.33333333333333	0.9223153737728921
1591.6146340637465	73.0	0.9122920122097107
1591.1499298202857	108.66666666666667	0.8721430689743229
1590.8261371557503	130.66666666666666	0.8481937695277804
1591.0720063940507	115.0	0.8651874017403712
1590.7212101798245	69.0	0.9168535057854396
1590.7604229912295	161.66666666666666	0.8154939881713118
1590.4389895290262	49.666666666666664	0.9394347961924953
1590.662248955769	321.0	0.6641666171151899
1591.1008000805243	181.33333333333334	0.7953849681465229
1591.1182098079137	122.66666666666667	0.8568470659876474
1591.1061016962262	81.33333333333333	0.9027368864548501
1590.7753299888577	71.0	0.9145492188760846
1590.6990062749658	85.0	0.8985497995980164
1590.4906432421988	86.0	0.8974047360816964
1590.5052856518728	203.33333333333334	0.7732980757785657
1590.673327798577	86.0	0.8974159145086235
1590.8278365499941	197.0	0.7796208382344525
1591.1857875452	187.66666666666666	0.7890025491183148
1591.778418699237	76.0	0.9088607945181647
1591.5550190023926	166.66666666666666	0.8104145023063519
1591.7595077093235	147.33333333333334	0.8305630040487074
1591.9084511782744	106.66666666666667	0.8744045340755968
1592.114691502354	154.66666666666666	0.822912391475498
1592.2405384577414	118.33333333333333	0.8616448721861616
1592.1362174830517	196.0	0.7807773277184822
1591.9132999670846	113.0	0.8674419397136716
1591.8831454315025	217.0	0.7600729482741292
1591.808255004004	91.0	0.8918474523411659
1591.774449100205	233.0	0.74462597268951
1591.6206817542468	167.33333333333334	0.809735408773604
1591.934156840673	468.3333333333333	0.5453664773463189
1591.9119786342894	288.6666666666667	0.6930022922593909
1591.8313512034988	53.0	0.9355557030680128
1592.0166638795579	64.33333333333333	0.9223191554422848
1591.983946365742	126.33333333333333	0.85295691916052
1592.0478786942226	135.0	0.8436638593921668
1591.736068543071	48.666666666666664	0.9406649774203841
1591.8884559769658	103.66666666666667	0.8777194969573925
1591.5754380683115	118.66666666666667	0.8612282245442021
1591.3643457902629	116.66666666666667	0.8633904585855888
1591.266540386172	94.33333333333333	0.8880714992874627
1591.1167973100237	127.66666666666667	0.8514453165946934
1590.8979738761207	111.0	0.8695573980299249
1590.55912553124	143.33333333333334	0.8346687159280985
1590.919326649955	351.6666666666667	0.63793966611871
1590.8879378783513	101.0	0.8806067497275791
1590.7914647857813	106.33333333333333	0.8746900246214302

Average Payoff: 0.8271