109.0	109.0	0.0
925.4395278423731	360.6666666666667	0.4391339250109931
887.633395464689	515.3333333333334	0.265366280246945
881.7768569938562	62.333333333333336	0.8679532665318839
1004.5417465506239	59.0	0.8890499593620012
1137.8963436141244	428.0	0.45334823502791216
1207.9656857324394	291.3333333333333	0.6113739425843608
1261.9372070785662	139.0	0.8015614128917846
1354.5895397063705	362.3333333333333	0.5779270705482012
1372.4070713499168	165.0	0.7853528800864404
1393.0639662309334	210.33333333333334	0.737640404670143
1369.2562255747177	115.66666666666667	0.8442118883465037
1480.5587809995823	93.66666666666667	0.8809996791685393
1492.9533422964832	322.0	0.6451699418426158
1495.2334990343522	317.6666666666667	0.6495486373968858
1505.6568107123235	168.0	0.799241996418014
1503.0827075624125	68.0	0.9134354930231467
1506.7112708531852	259.3333333333333	0.7063116835004422
1531.511153426832	125.66666666666667	0.8483365331795515
1527.936940890285	354.6666666666667	0.6232168415666467
1529.0326414072185	196.33333333333334	0.7724154339338279
1569.874540770676	135.0	0.8416305754217267
1588.3664701695188	63.333333333333336	0.9233113266720517
1588.6132291800145	51.333333333333336	0.9373963341163253
1603.7770447815412	115.66666666666667	0.865460362678292
1604.478391314608	95.33333333333333	0.8878307144833015
1601.1005459863984	298.3333333333333	0.6858713150465873
1591.6521913675997	51.333333333333336	0.9375121295208279
1604.9870626850636	69.0	0.9175620869024824
1596.362616780483	48.0	0.9416187165651093
1603.7666661675435	168.33333333333334	0.8100182457189262
1606.038962272476	93.33333333333333	0.8901555196884496
1605.6634092258755	111.33333333333333	0.8703161973768345
1602.8539156377374	162.0	0.8164154000911055
1598.203774875073	79.33333333333333	0.9054168960613211
1600.2523626334423	499.6666666666667	0.524108634957032
1595.8100984298726	140.66666666666666	0.8379861228274524
1601.9020206539874	113.33333333333333	0.8678509825839666
1613.7951237667041	151.66666666666666	0.8281847078328024
1612.540077534333	88.66666666666667	0.8957602690338374
1617.3017596223956	117.33333333333333	0.8647169842120473
1625.1553393944057	178.66666666666666	0.8019021100016256
1625.63771878886	371.3333333333333	0.6281034390170903
1626.9761490249641	142.66666666666666	0.8387621892942184
1622.599884444596	419.3333333333333	0.5892781118574879
1625.813551399258	171.33333333333334	0.8093274013505836
1626.9981105279217	91.33333333333333	0.8936953244269353
1623.4609285209751	492.0	0.5348531439491232
1622.064909860084	228.33333333333334	0.7532062795960338
1623.3008998723326	158.33333333333334	0.8222605623731796
1623.1083017658477	759.0	0.36274937672871027
1622.680600100481	50.333333333333336	0.9398291522533522
1627.2707927370232	195.33333333333334	0.7856546788857726
1626.4582682431649	49.333333333333336	0.941122352818903
1628.619947968771	178.33333333333334	0.8026143396415596
1629.5105423250216	59.333333333333336	0.9297349693615656
1632.8043378058062	159.66666666666666	0.8218474203841787
1636.5093719771608	138.0	0.8444640505378225
1638.769922134344	194.33333333333334	0.787973391292949
1639.347108088141	252.0	0.7335232661182611
1638.7293125494652	64.33333333333333	0.9244498333765221
1638.3079645169726	244.33333333333334	0.7404355958702008
1639.4134819566957	302.0	0.6888864708041249
1638.6413006211678	63.0	0.9259538423556098
1638.7299136924246	323.3333333333333	0.6704149738052878
1637.6672055142108	202.66666666666666	0.7797501097705736
1635.3314839389586	153.0	0.8288907829738545
1633.998464976905	142.0	0.8400899518774679
1632.984203553866	224.0	0.7587486209400032
1636.9080912024049	186.33333333333334	0.7956021283568847
1634.969843217718	115.0	0.8685691636965054
1636.5204978817237	140.66666666666666	0.8416974087223815
1636.7442334372668	291.3333333333333	0.6977991566788498
1634.6747799424693	194.33333333333334	0.7874986645244815
1635.5010520540882	116.66666666666667	0.8668316218588432
1636.3918247153442	86.0	0.9001388664693494
1635.9243265236473	317.3333333333333	0.6750727363264827
1638.899138531882	201.66666666666666	0.78086448623888
1637.3342522220278	113.0	0.8708818045964102
1638.1182169304664	131.0	0.8519036221024354
1640.091039570036	71.66666666666667	0.9162654078838929
1642.4186819577737	67.66666666666667	0.9208616497169612
1643.1234842913425	119.66666666666667	0.8642303888507291
1643.062125939746	59.0	0.9306723308146877
1644.2116261667597	171.33333333333334	0.8112596083761985
1643.2590917474727	125.66666666666667	0.85791753433527
1641.5705577586357	202.33333333333334	0.7805380916968395
1641.8116571145965	85.66666666666667	0.9008188230354732
1641.4867300592682	174.33333333333334	0.8079839111287093
1641.3426479586792	188.33333333333334	0.794134770025955
1640.1356852002052	106.0	0.8785890456298114
1639.1117815564198	107.0	0.8774419815154971
1636.7886681027878	78.66666666666667	0.9082847975435758
1636.2119440142774	357.0	0.6417842055662066
1634.5281904399546	245.0	0.7392962752608131
1634.1685735967524	106.66666666666667	0.8774534611896687
1635.288137537183	118.0	0.8653957698410567
1633.5526543642638	92.66666666666667	0.8926362768187249
1632.318865759743	59.0	0.9302319613475166
1632.5639843684198	104.66666666666667	0.8795017039282566
1629.6699086773333	109.66666666666667	0.8738982802739289
1632.8364854742267	109.0	0.8748447389763753
1633.0089944018564	318.3333333333333	0.6737288698054283
1632.1806459615818	76.66666666666667	0.9102708988683704
1630.9318175783023	298.0	0.6910207014220676
1631.3572311464602	275.3333333333333	0.7111924310503387
1632.2901513515799	105.0	0.8791220914729622
1632.9402272615714	400.6666666666667	0.6059546534161135
1634.0787034788889	143.33333333333334	0.8387168193252469
1635.178291050192	192.33333333333334	0.7895134227688285
1635.5883970058378	265.0	0.7211389899912285
1635.0694711858323	383.6666666666667	0.6198941907536212
1635.4385405130379	47.666666666666664	0.9433586605717424
1634.6283976708064	143.0	0.8391114811314105
1635.7817581049412	52.333333333333336	0.9379979083194556
1636.2225840635115	425.0	0.587623381107972
1635.7169101544744	346.6666666666667	0.6502526849798005
1636.7163735550916	67.33333333333333	0.9209725713268269
1637.95322409269	276.6666666666667	0.7109957250502208
1637.6104151800846	269.0	0.7178238429222131
1637.3483789184686	162.0	0.8199348142938578
1636.2824658969735	74.66666666666667	0.9127190104655091
1635.0642842536352	75.33333333333333	0.9119113210183096
1636.783893364787	135.66666666666666	0.846916275437032
1637.0224109145574	86.66666666666667	0.8994404875056907
1638.2970309027799	93.66666666666667	0.8918376097627058
1639.0521544099224	205.33333333333334	0.7773422804529068
1639.4958768248548	134.33333333333334	0.8485385937224998
1638.9673861419005	95.0	0.8904246979969143
1640.1978213571617	331.6666666666667	0.6636009536344378
1641.5855108673456	193.0	0.7895982510962332
1641.7622624071237	247.66666666666666	0.7378396584749293
1640.6890204352292	168.66666666666666	0.8135616254238816
1639.70431656273	207.0	0.7758168450212007
1639.9075017754715	456.3333333333333	0.5646174564578145
1641.037069946034	190.33333333333334	0.7921410840837982
1641.6261177625054	166.0	0.8163337004607167
1641.083048296999	349.3333333333333	0.6489846681756132
1641.5035949660173	209.66666666666666	0.7734766260973248
1640.2403692640025	122.33333333333333	0.8611878378157324
1641.3639613884866	374.3333333333333	0.6285817971641483
1642.921080639462	349.3333333333333	0.649308511118597
1642.617871412876	144.66666666666666	0.838115684901395
1642.7237538570591	155.33333333333334	0.8272209103482315
1642.8184106749964	68.66666666666667	0.9197577968096314
1643.49872807327	362.3333333333333	0.6387201697441763
1643.7303599651939	52.333333333333336	0.9382884810987792
1643.088022857656	89.33333333333333	0.8968688154136507
1642.8910544559749	70.66666666666667	0.9175205296027387
1641.9507579070744	244.66666666666666	0.7406292728140722
1642.7065683681217	179.0	0.8034809742599243
1644.0758914841183	300.3333333333333	0.6910801188350362
1644.7746170532162	585.6666666666666	0.4748423364098568
1645.5485758650666	572.0	0.4841150212216997
1646.5141246449034	313.6666666666667	0.6799614932898203
1645.4693525594205	207.0	0.7765145213182574
1645.0832500255895	59.333333333333336	0.9303769584118877
1645.3758685629189	56.333333333333336	0.9337920565152262
1644.2618890345068	149.0	0.8338223759606895
1644.7252752354934	110.66666666666667	0.8739122995554517
1644.832984098353	189.33333333333334	0.7935483477872939
1644.307252256262	78.0	0.9094238267906981
1644.8381473510876	287.3333333333333	0.7025798836120353
1644.408948963589	104.0	0.8810346972181211
1645.2159860554373	158.66666666666666	0.8240831614770121
1644.1151740443859	146.66666666666666	0.83619817519656
1643.834376478875	77.0	0.9105085288247724
1642.887806575715	124.0	0.8596402108401937
1642.2198764633001	225.33333333333334	0.7586860367337316
1641.188768672811	95.66666666666667	0.8898392293104485
1641.6398827464434	243.66666666666666	0.741509764825758
1641.5528094789934	260.6666666666667	0.7259341837937249
1641.1815781968098	103.66666666666667	0.8811740024132838
1641.848578239961	392.6666666666667	0.6139948642314668
1641.116872330055	83.0	0.9037188240170404
1642.2129802117574	127.33333333333333	0.856083638660765
1642.5425899186725	81.0	0.9060075446075028
1642.586519496109	52.333333333333336	0.9382468342134648
1642.9523816227559	274.6666666666667	0.7135336479769763
1643.030973277531	159.33333333333334	0.8231951967214209
1643.8019250342174	68.0	0.9205515556379098
1644.3806622698523	100.33333333333333	0.8849859248149771
1643.930361911968	155.0	0.8276753750097804
1644.1062541515141	66.66666666666667	0.9220625182273948
1644.053267171835	524.0	0.5166170426397841
1644.3022839997977	104.66666666666667	0.8803104347543936
1644.390186931273	203.66666666666666	0.7795883105325978
1644.6245000818974	283.0	0.7063743483360204
1644.8350709137626	98.66666666666667	0.8868178166503087
1644.8979312941376	255.66666666666666	0.730957140903306
1645.2603894931062	92.66666666666667	0.8933595442475837
1645.4438937452617	613.0	0.4571483474106242
1645.98928397985	116.66666666666667	0.867624006121132
1645.9262926458823	195.0	0.7881501277058355
1645.0186533210556	100.0	0.8853880446381663
1645.0331355238984	104.66666666666667	0.8803604292169118
1645.5199739265931	90.66666666666667	0.895556543810652
1645.631888019865	739.6666666666666	0.3798120866560696
1645.5932950290053	471.0	0.5549452026459853
1644.8528278617937	383.0	0.6222605558571601
1645.478974259937	88.33333333333333	0.8981050798330645
1645.7378272109308	95.33333333333333	0.890488872030329
1646.193929641183	175.33333333333334	0.8074875551991272
1646.4206125585367	289.3333333333333	0.7010639353752915
1646.5389458555592	219.66666666666666	0.7645847111457548
1646.8716278265836	140.66666666666666	0.8426140943665272
1647.372931864297	415.0	0.5975509631763274
1647.7343551428203	388.6666666666667	0.6182808174773858
1647.8227539405214	94.0	0.8920670891600836
1647.2312406667445	229.33333333333334	0.7555817300286265
1647.6288150490705	274.3333333333333	0.7145278500263674
1647.365739491888	265.6666666666667	0.7222559682612633
1646.8855458959029	63.666666666666664	0.925560101353132
1646.2951391262577	63.0	0.9262854043659146
1646.334612570368	61.666666666666664	0.9277908425288612
1647.155796984927	313.0	0.6806376304562622
1647.7055541574737	93.33333333333333	0.8927843208972251
1647.740249166572	194.66666666666666	0.7886822232442309
1647.957095977607	56.333333333333336	0.9338923315363458
1647.4333918004097	111.0	0.8737512600504586
1647.3058049004085	83.33333333333333	0.9036964650893291
1646.971788877183	100.66666666666667	0.8847969196977413
1646.514048527415	88.66666666666667	0.8978012308570992
1646.5539767735427	95.66666666666667	0.8901784719095485
1646.86070226324	389.0	0.6178520469818454
1647.1716018972152	296.6666666666667	0.6947619856400443
1647.1241166935743	96.0	0.8898529380890025
1646.3190246461345	253.33333333333334	0.7332845325417469
1646.551606072598	196.66666666666666	0.7866051247697385
1646.7835765707516	117.0	0.8673306617045635
1646.2020980855934	359.3333333333333	0.6416584541923519
1646.4629983352038	112.66666666666667	0.8719063535699662
1645.9233231118408	84.0	0.9028858691275424
1645.7952054461177	100.33333333333333	0.8850790980101997
1646.6345073123673	95.0	0.8909070765408744
1646.7157846776727	161.0	0.8218746537872298
1646.808311463524	325.0	0.6703533521889081
1646.3140226107607	681.6666666666666	0.4143708581377912
1645.777016070058	167.33333333333334	0.8154184786509053
1645.1335556107385	175.33333333333334	0.8073754217688275
1645.266595797038	49.0	0.9421578633238074
1645.5268107209147	182.33333333333334	0.8004953125911346
1645.6588254710541	284.6666666666667	0.7050583771222797
1645.6517729743223	119.66666666666667	0.864424838058109
1645.735765701344	130.66666666666666	0.8528861880779085
1644.6613282685416	74.66666666666667	0.9131443600213344
1644.692279437037	151.33333333333334	0.8314797603583153
1644.575804376888	424.6666666666667	0.5895438329636642
1645.7807206358666	287.3333333333333	0.7027249036409816
1645.5635976756178	233.66666666666666	0.7513166203201307
1645.952683847306	323.3333333333333	0.6716237961246089
1645.2604563954505	477.3333333333333	0.5502358146498441
1645.11842142672	161.66666666666666	0.8210449402842197
1644.4625920896178	196.66666666666666	0.786362998978661
1644.7130891027016	220.33333333333334	0.7637234862545198
1644.9118956486604	68.0	0.9206030384017514
1644.5858301682338	130.33333333333334	0.853138851601319
1644.3877582847795	224.33333333333334	0.7599070997383729
1643.3442917719715	336.3333333333333	0.6602140378129063
1643.8585549788197	78.0	0.9094002236426911
1644.6616036221887	186.66666666666666	0.7961406813894444
1644.4237716859566	172.33333333333334	0.8102846738760893
1643.8784776132657	247.0	0.7387457703661927
1643.5728318037854	76.66666666666667	0.910865124612201
1643.9865987342682	363.0	0.638263653350819
1644.1612273113142	247.0	0.7387848307876291
1643.8481497849505	354.0	0.6456187122748996
1643.7727610741158	335.3333333333333	0.6611264709042967
1643.7929550777515	290.6666666666667	0.699485413498003
1642.751746094085	133.66666666666666	0.8495099288472991
1642.556268733564	326.0	0.6687928049831907
1641.4762649462843	270.0	0.7174958382152996
1641.8193385346206	259.6666666666667	0.7268802757881155
1642.292961872128	383.0	0.6217831126554997
1642.587735499092	384.6666666666667	0.6205047908582967
1643.003401454368	102.33333333333333	0.8827351406824302
1643.2355058258117	111.66666666666667	0.8727374455203196
1642.9654772270196	59.666666666666664	0.9299124395358621
1643.319487980005	67.0	0.921652065042969
1642.6224985224349	275.0	0.7131865106798728
1642.8043374468807	105.33333333333333	0.8794908031627489
1643.055964011451	175.33333333333334	0.8071553395201397
1643.4396946989796	143.33333333333334	0.8395617897913096
1643.2291288351958	124.33333333333333	0.859316617099013
1643.0937469777102	196.0	0.7868515399803863
1642.5405983497603	165.33333333333334	0.817096391030528
1642.1576752296107	118.66666666666667	0.8652146453872037
1641.6684790163363	148.0	0.8346062393842396
1641.966974081009	444.6666666666667	0.5737951713389082
1641.9994148191768	70.66666666666667	0.9174775895539905
1642.5551812498177	69.66666666666667	0.918624252165173
1642.6486755532903	123.66666666666667	0.8599721536571846
1643.0767807217746	326.3333333333333	0.6685978902978237
1642.4098715217071	203.66666666666666	0.7793518714380795
1642.6371337983153	66.66666666666667	0.9219955321593137
1642.5625882550567	507.3333333333333	0.5280391685579789
1642.8999140383391	129.66666666666666	0.853696139735305
1643.2328261325251	200.0	0.7829899759113552
1643.833195052437	99.0	0.886391881585637
1643.6258315122739	89.33333333333333	0.89690082127089
1643.8062067542414	369.0	0.6333477125003183
1643.5610886462634	382.6666666666667	0.6222866203828427
1643.7670128770092	121.0	0.8628714168872186
1644.0577057419698	113.66666666666667	0.870666108462833
1644.0955331528523	122.0	0.861842128344887
1644.1874104055582	225.66666666666666	0.7586264410322217
1643.7109229544492	156.33333333333334	0.8263005670141264
1643.6873745390737	170.66666666666666	0.8118706021088926
1643.9663902578557	75.66666666666667	0.9119967293464424
1644.1249125813235	288.6666666666667	0.7012956081079564
1644.1891277396453	423.6666666666667	0.5902357719404677
1644.0054712784765	53.0	0.9375370310856201
1644.2213569429473	73.33333333333333	0.9146072800493624
1643.996485743877	307.6666666666667	0.6847133520078394
1644.071267354898	228.66666666666666	0.7557942705035914
1643.7850109550425	84.66666666666667	0.9020317805087091
1643.9692297223837	129.33333333333334	0.8541328073078868
1644.5286336665272	57.333333333333336	0.9326228161330807
1644.4806762226772	71.33333333333333	0.9168519047681728
1644.3117146504612	76.66666666666667	0.9109033936754151
1644.5365737388072	214.66666666666666	0.7690767076978092
1644.3497553845245	141.33333333333334	0.8417039011834824
1644.2319094205263	191.33333333333334	0.7915265239537006
1644.2781583651038	361.6666666666667	0.6394051699194283
1644.6565927457493	131.0	0.8524489470146579
1644.8568777684093	294.6666666666667	0.696145305879755
1645.2324862459286	477.0	0.5504733783019432
1645.2894988783332	181.66666666666666	0.8011264089497476
1645.6899286499076	311.6666666666667	0.6815432942444919
1646.050325286857	133.66666666666666	0.8497888515185258
1645.6318545745748	185.33333333333334	0.7975566826094621
1645.737244111744	372.3333333333333	0.6310006820428297
1645.904265666587	407.3333333333333	0.6032282542149676
1646.0480477609312	540.6666666666666	0.5054986705861232
1646.0074663627004	100.0	0.8854529526058431
1646.188753969737	230.0	0.7548221099680359
1645.9038266235011	344.6666666666667	0.6537006171562654
1646.0103643806199	50.666666666666664	0.9402754139538362
1646.1500027124964	261.6666666666667	0.7256899251731377
1646.456362153856	57.333333333333336	0.9326990490842955
1645.951127699118	119.0	0.8651520734683067
1646.1100006738825	362.6666666666667	0.6389178821488336
1646.1506357512585	98.66666666666667	0.8869031542386279
1646.2660581428338	81.0	0.9062101641861803
1646.3166757027088	55.666666666666664	0.9345861204620585
1646.2736194570193	264.6666666666667	0.7229984959880257
1646.4853810978097	71.33333333333333	0.9169489391004156
1646.0942732597289	317.6666666666667	0.6764711424817592
1646.0530822759572	128.0	0.855697666232414
1645.8762698020207	76.0	0.9117242030302928
1645.7908073844385	90.66666666666667	0.8955728337473834
1645.6490610663593	86.0	0.9006727148894237
1646.233295683277	159.33333333333334	0.8235087747272853
1646.6951698798948	107.66666666666667	0.8772583119128866
1646.8968720930045	181.66666666666666	0.8013012259996252
1646.990765082343	255.66666666666666	0.7312530754086969
1646.6041343125348	74.33333333333333	0.9136129757985728
1647.1209023191902	167.0	0.8158887869198734
1647.2680953690535	136.66666666666666	0.8467806451501502
1647.3586732323863	229.0	0.7559102070762369
1647.2737542479135	104.33333333333333	0.8808713049027397
1647.3420556504057	178.0	0.8049680612474849
1647.2025113788768	191.33333333333334	0.7918633635742
1647.409916069018	271.3333333333333	0.717175986502782
1647.7655160294742	183.0	0.8000836279712253
1648.1746884728404	254.33333333333334	0.7326336284334001
1648.104966707165	250.0	0.7365793732327667
1648.2527374773474	103.66666666666667	0.8816536121222789
1648.3552921224234	134.66666666666666	0.8489455881315973
1648.2048463245603	48.0	0.9434030623081766
1648.10097713324	408.0	0.60313233198414
1648.0152867886336	52.0	0.938824079519627
1647.8045186640015	56.333333333333336	0.9338864126897859
1647.8381376753514	70.33333333333333	0.9181300184293681
1647.6893881245985	71.0	0.9173789045413565
1647.76603292915	98.33333333333333	0.8873679983702013
1647.8672320577948	90.33333333333333	0.8960610931420259
1647.6581387992735	415.6666666666667	0.597090418759541
1647.8110357783341	131.33333333333334	0.8523634893115409
1647.7860524868188	102.33333333333333	0.8830555970495954
1648.0386675308903	127.0	0.8569045257175617
1647.9694102959277	96.66666666666667	0.8891841479800612
1648.0549108040625	423.3333333333333	0.5912564102538631
1648.1812388467583	147.66666666666666	0.835546578066755
1648.1205693746615	90.33333333333333	0.8960762397063037
1648.1949934875363	210.0	0.7739742053595103
1648.3359080652774	305.3333333333333	0.6874257659758738
1648.1525691987442	452.6666666666667	0.5690570050590809
1648.0731531976594	47.333333333333336	0.9441628497833779
1647.8052877546045	49.666666666666664	0.9414816055872924
1647.9696941359443	83.0	0.9040999963417251
1648.0264759208912	50.333333333333336	0.940727126184839
1648.1748473703049	315.6666666666667	0.6785212407311154
1648.369008971992	92.33333333333333	0.8939125534684462
1648.7761681398488	166.33333333333334	0.8167236376666713
1648.9141630530066	259.6666666666667	0.7278955518956922
1649.0588110792548	302.3333333333333	0.6901357482666897
1649.426390175191	147.33333333333334	0.8360010730364813
1649.6767603984624	144.33333333333334	0.8390941791937196
1649.5925191122724	298.3333333333333	0.6936912840303668
1649.5158392254586	259.3333333333333	0.7282830544587242
1649.3276930768322	332.0	0.6648711859627496
1649.1935590435746	45.666666666666664	0.9461115837472321
1648.8368407238784	425.3333333333333	0.5898761455031882
1649.1110615935265	97.66666666666667	0.8881750493075686
1649.202177218913	146.66666666666666	0.836662162533723
1649.3192024582077	66.0	0.9230463928749634
1649.478738478165	180.66666666666666	0.8025657784799133
1649.2589217199634	56.333333333333336	0.9339427894721849
1649.2717493505152	164.0	0.8191115037679905
1649.3782850220296	110.66666666666667	0.8742456361009572
1649.366675519386	54.333333333333336	0.9362172529776277
1649.0785086770409	57.666666666666664	0.9324249835303577
1649.3802287145895	105.33333333333333	0.879942418396312
1649.1979857843623	430.6666666666667	0.5858704881020551
1649.1229833799405	85.66666666666667	0.9012368252665501
1649.0439604406556	85.66666666666667	0.9012323262127953
1649.257989051282	334.0	0.6631804819707058
1649.418562847031	108.66666666666667	0.8763806613667701
1649.7943486472072	140.33333333333334	0.8432141631617328
1649.8658727161273	119.33333333333333	0.8650990426343238
1649.682310329262	319.0	0.6759253655846105
1649.7293882981187	114.66666666666667	0.8700216242900687
1649.8150027933827	227.0	0.7581008254280347
1649.7238319131452	351.6666666666667	0.6485776594660466
1649.5985854364553	336.6666666666667	0.6610053301690767
1649.4074885868008	240.0	0.7459521024980057
1649.7108409670977	89.0	0.8976253004202851
1649.7907282683007	116.33333333333333	0.8682614252728829
1649.9615925699854	310.6666666666667	0.683094778213978
1650.0418679148963	308.0	0.68539998551922
1650.072570522392	105.0	0.8803468280872886
1650.1523612012465	62.0	0.927576538858375
1650.3137124785017	126.33333333333333	0.8577845457474019
1650.4028596344162	105.0	0.8803693415175733
1650.4943983208377	416.0	0.597385794669439
1650.389639608088	186.33333333333334	0.7971024089333084
1650.2577192851677	250.33333333333334	0.7365731749726575
1649.8157328226134	93.0	0.8932761527813615
1649.563374324875	335.6666666666667	0.6618359991177497
1649.4184104919661	56.666666666666664	0.9335711126891266
1649.1384244798846	44.0	0.948025513609714
1649.3865679594985	104.0	0.8813724230578202
1649.460559882258	152.33333333333334	0.8309092578158649
1649.5998207181449	108.33333333333333	0.8767492005214654
1649.5096205364814	64.0	0.925299514828563
1649.5902745179424	92.66666666666667	0.8936245688266162
1649.2898896869106	166.0	0.817109100928634
1649.6083583214777	158.0	0.8251833708639001
1649.6437198349813	277.0	0.7124533226893395
1649.339108232807	70.33333333333333	0.9182014764750439
1649.6350719431653	281.0	0.7089040760901787
1649.3140304828835	90.66666666666667	0.8957842844863767
1649.3789710578517	151.33333333333334	0.831918365899656
1649.1990986133362	299.0	0.6930498528483887
1649.285357619993	69.33333333333333	0.9193150479529887
1649.1730064033231	128.33333333333334	0.8556029528959697
1649.1554553114659	92.0	0.8943230488474189
1648.8794573610407	112.33333333333333	0.8724363870999996
1648.8781220725966	263.6666666666667	0.7242766096573623
1649.002899306454	169.33333333333334	0.8137491512364554
1648.845258879097	189.33333333333334	0.7939989790595354
1648.8133193371827	252.66666666666666	0.7342420971806587
1648.4766750530637	232.66666666666666	0.7526327085165512
1648.6881467546964	340.0	0.6580660466500595
1648.465788497185	107.33333333333333	0.877738481585032
1648.505510030724	170.66666666666666	0.812368868815372
1648.4119861648799	66.33333333333333	0.9226318537463692
1648.60129719246	135.0	0.8486208770844679
1648.7024272734836	667.0	0.4239328921157386
1648.8908654661407	264.3333333333333	0.7236776186510715
1649.014222337527	220.66666666666666	0.7639525889530855
1649.0940397845436	324.6666666666667	0.6710171951387034
1648.8682866438146	232.0	0.7533054263847722
1648.4255337402524	111.33333333333333	0.8734675126047508
1648.2552309907126	115.66666666666667	0.8688528479403983
1648.423492606386	168.0	0.8150211107885014
1648.1597237916624	120.33333333333333	0.8639142711377598
1647.989716960207	207.0	0.7768181698179834
1648.0822340812947	126.33333333333333	0.8576056977256975
1648.0389385902076	51.0	0.939966060998793
1648.0436982024455	56.666666666666664	0.9335175431152873
1648.2877232381998	257.3333333333333	0.7299218200324566
1648.5136055008327	85.33333333333333	0.9015676281198026
1648.6977214295612	70.0	0.9185429768979084
1648.5247325470987	142.0	0.8413872789146019
1648.4818359388735	195.66666666666666	0.7877972772906137
1648.3861326435942	174.66666666666666	0.8083800241740111
1648.2083993301314	112.0	0.8727423411425341
1648.0963456874667	125.66666666666667	0.8583050094162441
1648.1771941974055	340.3333333333333	0.65770024486021
1647.9527877104745	294.0	0.6972120003528814
1648.2203300021038	103.0	0.8823677429557065
1648.4501347043256	160.0	0.823052903777013
1648.6195750476547	105.66666666666667	0.879533152396604
1648.8931178204607	138.33333333333334	0.8451977551652413
1649.0466749690022	190.33333333333334	0.7930462085330564
1648.9859460951254	520.3333333333334	0.5202796211072966
1648.9136771478259	54.666666666666664	0.9358214399864906
1648.8014911522848	334.0	0.6631029364357606
1648.6491666035815	70.33333333333333	0.9181686453050983
1648.711235983638	99.66666666666667	0.8859895603626818
1648.7520562625675	210.66666666666666	0.7734058885512424
1648.7031959935632	45.0	0.9468620002531175
1648.4552203330602	487.6666666666667	0.5434093254373091
1648.1979643878628	191.33333333333334	0.7919759956567674
1648.1023247379633	241.33333333333334	0.7445445339168817
1647.8464897596293	80.66666666666667	0.9066635201858165
1647.5816158986036	84.33333333333333	0.9026126157398975
1647.8027523670883	74.33333333333333	0.9136731017362073
1647.82945650864	71.66666666666667	0.9166422468759935
1647.7891928920217	67.33333333333333	0.921482771867593
1647.8719071058845	189.66666666666666	0.7935644243078148
1648.0647101925329	464.6666666666667	0.5601270736486688
1648.2683955350349	94.33333333333333	0.8917327674240372
1648.4565410021478	93.66666666666667	0.8924683785230038
1648.1424865119027	311.3333333333333	0.6822279405745123
1648.40717648914	151.33333333333334	0.8318276079163648
1648.578147645443	133.33333333333334	0.850347972100056
1648.520297051769	80.66666666666667	0.9066998903424515
1648.7644426147383	230.0	0.7551582361438548
1648.6972411942256	145.66666666666666	0.8376397719230546
1648.6327419934437	104.33333333333333	0.8809636594776837
1648.6686856100512	101.0	0.8845495712066371
1648.6533991812437	127.66666666666667	0.8562571361758207
1648.6465532128054	101.0	0.8845481108003925
1648.9172470303808	224.0	0.7608009639986336
1649.0299529270744	201.0	0.7827062208566056
1648.953113189421	406.3333333333333	0.6045968832998532
1648.6987496894492	219.66666666666666	0.7648568478696379
1648.7751559016099	73.0	0.9152037944678398
1648.9015827195865	43.666666666666664	0.9484018837261058
1648.6573371389404	56.666666666666664	0.9335414659733761
1648.554817788663	127.0	0.8569461232876266
1648.9030785767823	94.66666666666667	0.8914105192236531
1649.2090334119353	98.66666666666667	0.8871010488191698
1649.3046681992146	95.33333333333333	0.8907127630493096
1649.2300995089356	61.333333333333336	0.9282887355642557
1649.1343013254934	181.33333333333334	0.8018721228391112
1648.9532409212663	367.6666666666667	0.6353634462466151
1648.9180680460336	126.66666666666667	0.857323996776575
1649.0562992067846	201.0	0.7827093152936165
1648.8714124161622	72.0	0.9163214642529165
1648.9122030915946	81.33333333333333	0.9059863682684182
1648.6262393554234	218.66666666666666	0.7657928587834737
1648.8504194931043	373.0	0.631031063026399
1648.7965704707021	442.0	0.5771946384047375
1648.7370776104904	189.66666666666666	0.7936615748775665
1648.9654195806472	105.33333333333333	0.8799140304256967
1648.7846067492644	95.0	0.8910415889298421
1648.8605100092477	106.33333333333333	0.8788357949902187
1648.8056458505903	284.0	0.7061266862400776
1648.9617037238445	303.3333333333333	0.6892546182050767
1649.0579660416752	367.3333333333333	0.6356527292622317
1648.8084814652111	267.6666666666667	0.7206677405364947
1648.791650094712	196.66666666666666	0.7868641465586718
1648.8011285981524	158.0	0.8251052675370113
1648.7344740747128	490.3333333333333	0.5415448433797144
1648.4412574827716	216.33333333333334	0.7679791065378507
1648.445015021887	118.0	0.866398332247508
1648.4448741172268	147.66666666666666	0.8355707167248431
1648.5736012894513	105.66666666666667	0.8795299952955932
1648.8105233838178	293.6666666666667	0.6976369471200489
1648.9341534216023	273.0	0.7159111829986677
1648.978153800675	68.66666666666667	0.9200455579076194
1648.732003328913	46.333333333333336	0.9453315074868226
1648.8349920168307	178.33333333333334	0.8047981339659477
1648.8174609910625	113.66666666666667	0.8710153868815543
1648.7455699937748	189.0	0.7943132029961686
1648.5719821876996	135.0	0.8486183889988995
1648.629241318526	466.3333333333333	0.5590150493229453
1648.3843846801428	134.66666666666666	0.8489480527605223
1648.5125437651068	132.33333333333334	0.8513814867023237
1648.3934567453625	271.0	0.7176191269719928
1648.2724553847904	311.3333333333333	0.6822490164851044
1648.2521338456258	224.0	0.7607159891014235
1648.1249730471345	346.6666666666667	0.6524281937371624
1648.0227445557503	43.333333333333336	0.9487590651077851
1647.992628202582	72.0	0.9162787109439636
1648.1025223141946	192.33333333333334	0.7909915385063351
1647.848803054664	59.333333333333336	0.930489744393801
1647.8403529848488	55.0	0.9354020476392958
1647.6044047724529	40.333333333333336	0.9522099276261273
1647.6105122146157	79.66666666666667	0.9077546237040369
1647.5730153327545	458.3333333333333	0.564716319295349
1647.4671648818094	261.6666666666667	0.725879178984082
1647.6946688101318	142.33333333333334	0.840970830441874
1647.9746277625984	151.66666666666666	0.8314478922703693
1647.943632748641	313.0	0.6807659386299951
1648.0121443629967	388.6666666666667	0.6183328813931418
1648.0614755680901	105.33333333333333	0.8798521213835131
1648.0980683233308	412.6666666666667	0.599501428125254
1648.1074308821433	407.6666666666667	0.6033935176508493
1647.9944286479083	515.6666666666666	0.5233387818606648
1647.926418927535	226.33333333333334	0.7584824269311513
1647.965179403761	423.3333333333333	0.5912387029391296
1647.6866127843161	319.6666666666667	0.6750287098859294
1647.7179855936402	71.66666666666667	0.9166368426373313
1647.8889787735357	139.33333333333334	0.8440783416931719
1647.9289039503874	162.66666666666666	0.8203169506139577
1647.8178504973873	46.0	0.9456848326560118
1647.6991853016593	46.0	0.9456810271868825
1647.6583525743729	302.3333333333333	0.6899132078169867
1647.7982546670303	86.33333333333333	0.900430470293336
1647.8030118108313	112.33333333333333	0.8723583730962244
1647.84982388464	109.33333333333333	0.875558409623692
1647.6099358909696	63.666666666666664	0.9255916120497272
1647.9365400585941	289.3333333333333	0.7012978549790326
1648.1151221582836	121.33333333333333	0.8628574537373315
1648.0992928339608	123.66666666666667	0.860402931884387
1648.1098296664138	256.6666666666667	0.7305020645091114
1648.019630168072	190.0	0.7932557445182171
1648.148623465901	376.0	0.6284857785233336
1648.1085180351272	167.66666666666666	0.8153222182137017
1648.3574768268807	360.0	0.6414980857204917
1648.4024659802565	214.0	0.7701893077258537
1648.5181137602167	119.33333333333333	0.8649961980351639
1648.704771190309	186.66666666666666	0.7965897661733002
1648.8795824786307	192.66666666666666	0.7907555493041919
1648.8423069608295	313.3333333333333	0.6806266198612482
1648.7980762950322	102.66666666666667	0.8827647920642021
1649.0915122156894	248.66666666666666	0.7379364036643344
1649.15197141736	89.33333333333333	0.897228543618729
1649.113109015907	93.0	0.8932331092410707
1649.0730984653123	529.0	0.5142495443585088
1649.1048722044632	157.33333333333334	0.8258082309696352
1649.087039938527	56.666666666666664	0.9335582077913871
1648.9166414156834	59.0	0.9309099770219521
1649.0062212477437	244.33333333333334	0.7419022565264107
1649.0416723050644	302.3333333333333	0.69013302675318
1649.075854249541	180.0	0.8031792945253734
1649.1532598060094	121.33333333333333	0.8629378682634464
1649.3177749705321	64.0	0.9252911503809026
1649.1704471272892	461.6666666666667	0.5625748063175934
1649.3012140152846	309.6666666666667	0.6838471220274768
1649.4519707706102	429.0	0.5871927703569274
1649.4128498565735	118.0	0.8664714924873657
1649.5499818241717	142.0	0.8414780481252169
1649.491706227728	124.33333333333333	0.859813306768857
1649.4758235306554	98.33333333333333	0.8874781803869616
1649.5163193988312	88.0	0.8987059873711605
1649.5929064134727	74.66666666666667	0.9133927770129348
1649.4890536736893	168.33333333333334	0.8147967210256577
1649.6175796238517	204.66666666666666	0.7792499536399548
1649.6263651971856	119.0	0.8654322898926902
1649.595462756869	100.66666666666667	0.8849696111521053
1649.6981976085594	255.0	0.732241044465559
1649.7684971811727	136.33333333333334	0.8473397977605107
1649.6749665029593	82.0	0.9052940054153519
1649.624369731282	95.66666666666667	0.8903716747848426
1649.7939853055352	199.33333333333334	0.7844028030692215
1649.8950542472796	170.66666666666666	0.8125120783260347
1649.7645723818111	162.0	0.8211688179915905
1649.856083741538	156.33333333333334	0.8268915409918463
1649.861358379568	439.6666666666667	0.5791713139076579
1649.9530865419406	230.0	0.7553130430259076
1649.7323254134908	245.33333333333334	0.741081970219894
1649.5992964888708	112.33333333333333	0.8724885033264084
1649.8607686175399	94.33333333333333	0.8918316106816072
1649.773283066067	352.0	0.6483118213458716
1649.610665021687	413.6666666666667	0.599019811526579
1649.82588187353	119.33333333333333	0.8650959932745454
1649.8533741948777	55.666666666666664	0.9347217677506191
1649.8451763039084	124.66666666666667	0.8594918741618858
1649.9379620865777	202.66666666666666	0.7812089384629722
1649.869499774834	308.0	0.6853722885662995
1650.0563245363592	291.6666666666667	0.69957953015125
1650.1594581094682	268.6666666666667	0.7199676789912255
1650.1948021573028	100.66666666666667	0.8850089873366358
1650.3116368472056	99.0	0.8868126205592181
1650.363086866852	115.0	0.869715186801486
1650.3068396196006	134.0	0.8498016181694762
1650.1018449946541	499.0	0.5356199603455821
1650.1556175480982	255.66666666666666	0.7316993627535358
1650.1407714229033	258.6666666666667	0.7289756300137291
1650.2662174935394	146.66666666666666	0.836758881804079
1650.245650549397	50.0	0.9411849693791675
1650.3312433594565	240.0	0.7460762489716066
1650.4711969077778	121.33333333333333	0.8630398204063493
1650.4024282381515	202.0	0.7819048421436963
1650.4766446451627	283.3333333333333	0.7069687957350234
1650.4728511100539	317.3333333333333	0.6774750116733737
1650.2702925564597	251.66666666666666	0.7353575096732295
1650.230137002313	148.33333333333334	0.8350535460328776
1650.2696479226079	184.33333333333334	0.7990482570707026
1650.283564301958	148.0	0.8353985957076249
1650.4259448712896	311.3333333333333	0.6825978224828262
1650.600856845879	188.0	0.7954966687848561
1650.6522193936162	89.33333333333333	0.8973171550840433
1650.6691266598862	56.666666666666664	0.9336197754558193
1650.6900908145499	94.0	0.8922444731074114
1650.6082726151024	119.33333333333333	0.8651556266802513
1650.6834742703484	60.333333333333336	0.9294766327657161
1650.8132292510952	75.66666666666667	0.912345730934279
1650.6125446915657	274.0	0.7152673656256245
1650.6742828475353	45.0	0.9469237689629499
1650.8384699785006	422.0	0.5928288613783042
1650.7977274871494	146.66666666666666	0.8368071521820466
1650.7723392093415	46.666666666666664	0.9450152064314286
1650.7331479015777	125.0	0.8592130803575805
1650.7984286894264	130.33333333333334	0.8536511041885875
1650.7432626320372	335.3333333333333	0.6623158099596476
1650.7129676526201	89.66666666666667	0.8969573478125213
1650.7876918979057	60.333333333333336	0.9294809280656464
1650.8758060611583	109.66666666666667	0.8754171871846447
1650.7650909319993	555.0	0.4967732490811191
1650.688244291275	167.66666666666666	0.815584223237985
1650.7235894952983	407.0	0.6044172287495371
1650.8438398898434	297.6666666666667	0.6944674758847302
1650.8875157733028	150.66666666666666	0.8327370132575103
1650.8264941937484	145.66666666666666	0.8378322057213945
1650.8609523102011	116.33333333333333	0.8683412069873576
1651.0489270104072	153.0	0.8303815404235793
1651.0262698347935	150.33333333333334	0.8330890366710393
1650.9684161630266	105.0	0.8804078717663545
1651.1067954324128	91.66666666666667	0.8948036923212509
1651.2087747027042	206.66666666666666	0.7775236573294274
1651.2195562104605	98.0	0.8879500293121477
1651.2286065408655	163.33333333333334	0.8199749154391974
1651.4174695197328	114.0	0.8708520766694205
1651.4666081671912	122.66666666666667	0.8617165143039729
1651.4797099758234	182.33333333333334	0.8011429420260763
1651.5505994381167	167.33333333333334	0.8160043856362336
1651.4373365075367	707.0	0.40045046857428707
1651.585052491521	146.33333333333334	0.837219159126405
1651.6748527816967	131.66666666666666	0.8523371264216459
1651.4862047588497	85.33333333333333	0.9017360969728979
1651.2027396920394	62.333333333333336	0.9272459631114982
1651.1847831193513	122.0	0.8623944879727875
1651.222709795372	163.0	0.8203087205116235
1651.1803615163337	62.333333333333336	0.9272450129570724
1651.33603803775	75.33333333333333	0.9127414494258228
1651.275148390835	45.0	0.9469425699684523
1651.4412901444443	108.66666666666667	0.8765227254996968
1651.6141850401777	322.0	0.6736950895056067
1651.597286184634	146.33333333333334	0.8372202667391405
1651.5755112664626	103.66666666666667	0.8818776486003332
1651.4592358283742	414.0	0.5991206286538393
1651.6356024287072	105.66666666666667	0.8797399075560723
1651.6938212994614	182.0	0.8014935777325963
1651.6575674809396	120.33333333333333	0.8641828992710547
1651.615480908712	86.66666666666667	0.9002846956835486
1651.6604192138593	186.33333333333334	0.797242691303926
1651.6988413843778	157.66666666666666	0.8257215958134438
1651.8457015690028	173.66666666666666	0.8097337824837495
1651.8574622686249	305.0	0.6882757115621418
1651.7914184406081	407.6666666666667	0.604102972898881
1651.7100287074948	231.66666666666666	0.7539879650887975
1651.804640418202	115.33333333333333	0.8694687850677704
1651.761657174451	101.0	0.8847532982176053
1651.807977830241	246.0	0.740753540006454
1651.9185756076336	215.0	0.7696739399252878
1651.9241843817479	102.33333333333333	0.8833314581240931
1651.9736218074754	258.6666666666667	0.7292356198840121
1651.9134306638923	363.6666666666667	0.6391444158946518
1651.9413948122162	119.0	0.8656082009844055
1651.973173419225	564.6666666666666	0.490520149953827
1651.971616170983	176.33333333333334	0.8071073062717025
1651.9067650965123	78.33333333333333	0.9094537996149563
1651.8120394938749	101.66666666666667	0.8840400327537726
1651.7661020654289	159.0	0.8243837237524619
1651.8512123830888	106.33333333333333	0.8790418974021812
1651.8011826852323	117.66666666666667	0.8670033290406894
1651.7873147815262	160.0	0.8233788274212599
1651.9032350215402	214.66666666666666	0.7699880765542048
1651.9883970183246	243.33333333333334	0.7432274115401133
1651.9206289181914	239.0	0.7472130809247837
1651.9915566864317	208.0	0.7763430707496853

Average Payoff: 0.7987